   74   0.678977   0.680399   0.914827   0.677775   0.677775   0.683358
   75   0.679594   0.681271   0.914827   0.677841   0.677841   0.684553
   76   0.680746   0.682011   0.914827   0.677908   0.677908   0.685918
   77   0.683112   0.682787   0.914827   0.677975   0.677975   0.687457
   78   0.683130   0.684251   0.914827   0.678042   0.678042   0.689173
   79   0.683169   0.687138   0.914827   0.678109   0.678109   0.691058
   80   0.683598   0.692209   0.914827   0.678175   0.678175   0.693810
   81   0.684165   0.698875   0.914827   0.678242   0.678242   0.696888
   82   0.685517   0.706482   0.914827   0.678309   0.678309   0.700302
   83   0.685994   0.713745   0.914827   0.678376   0.678376   0.704057
   84   0.685944   0.719815   0.914827   0.678443   0.678443   0.708154
   85   0.686819   0.724039   0.914827   0.678509   0.678509   0.711880
   86   0.687993   0.726489   0.914827   0.678576   0.678576   0.715749
   87   0.689286   0.727831   0.914827   0.678643   0.678643   0.719712
   88   0.690162   0.728761   0.914827   0.678710   0.678710   0.723714
   89   0.689651   0.730128   0.914827   0.678777   0.678777   0.727692
   90   0.689358   0.733110   0.914827   0.678843   0.678843   0.732291
   91   0.693770   0.737905   0.914827   0.678910   0.678910   0.736920
   92   0.715587   0.744736   0.914827   0.678977   0.678977   0.741547
   93   0.757611   0.752739   0.924419   0.658633   0.658633   0.746143
   94   0.819547   0.760472   0.975230   0.610275   0.975230   0.750691
   95   0.864273   0.766247   0.975333   0.610167   0.975333   0.755177
   96   0.889628   0.770092   0.975436   0.610059   0.975436   0.759599
   97   0.882452   0.772275   0.975539   0.609951   0.975539   0.763964
   98   0.848804   0.773320   0.975642   0.609843   0.975642   0.768290
   99   0.796858   0.775035   0.975745   0.609735   0.609735   0.772601
  100   0.747539   0.777869   0.975848   0.609627   0.609627   0.776931
  101   0.715998   0.782428   0.975951   0.609520   0.609520   0.781319
  102   0.704998   0.788984   0.976055   0.609412   0.609412   0.785810
  103   0.717876   0.796484   0.976158   0.609304   0.609304   0.790449
  104   0.764243   0.804353   0.976261   0.609196   0.609196   0.795283
  105   0.817367   0.812028   0.976364   0.609088   0.976364   0.800355
  106   0.874407   0.818929   0.976467   0.608980   0.976467   0.805704
  107   0.907241   0.824377   0.976570   0.608872   0.976570   0.810640
  108   0.900112   0.827636   0.976673   0.608765   0.976673   0.815713
  109   0.845876   0.829307   0.976776   0.608657   0.976776   0.820893
  110   0.793177   0.830100   0.976879   0.608549   0.608549   0.826134
  111   0.747114   0.831155   0.976982   0.608441   0.608441   0.831372
  112   0.715226   0.833350   0.977085   0.608333   0.608333   0.837249
  113   0.734824   0.837553   0.977188   0.608225   0.608225   0.843138
  114   0.767348   0.843655   0.977291   0.608117   0.608117   0.848971
  115   0.816952   0.850593   0.977394   0.608010   0.977394   0.854671
  116   0.873711   0.856972   0.977497   0.607902   0.977497   0.860159
  117   0.899665   0.861062   0.977601   0.607794   0.977601   0.865361
  118   0.909672   0.861307   0.977704   0.607686   0.977704   0.870205
  119   0.908691   0.858155   0.977807   0.607578   0.977807   0.874661
  120   0.908801   0.852728   0.977910   0.607470   0.977910   0.878167
  121   0.910148   0.846653   0.978013   0.607362   0.978013   0.881277
  122   0.910805   0.842652   0.978116   0.607255   0.978116   0.883961
  123   0.911075   0.842488   0.978219   0.607147   0.978219   0.885481
  124   0.911821   0.845723   0.978322   0.607039   0.978322   0.886383
  125   0.911982   0.851467   0.978425   0.606931   0.978425   0.887217
  126   0.910261   0.858396   0.978528   0.606823   0.978528   0.887316
  127   0.914553   0.864511   0.978631   0.606715   0.978631   0.886728
  128   0.918394   0.869327   0.978734   0.606607   0.978734   0.885504
  129   0.910261   0.872473   0.978837   0.606500   0.978837   0.883696
  130   0.883612   0.873644   0.978940   0.606392   0.978940   0.881355
  131   0.832396   0.873793   0.979043   0.606284   0.979043   0.877968
  132   0.771104   0.872947   0.979147   0.606176   0.606176   0.874249
  133   0.729113   0.870340   0.979250   0.606068   0.606068   0.870194
  134   0.722455   0.865962   0.979353   0.605960   0.605960   0.865794
  135   0.737135   0.859451   0.979456   0.605852   0.605852   0.861028
  136   0.788080   0.851883   0.979559   0.605745   0.605745   0.856427
  137   0.841302   0.844088   0.979662   0.605637   0.979662   0.851277
  138   0.883752   0.836217   0.979765   0.605529   0.979765   0.845565
  139   0.907942   0.828430   0.979868   0.605421   0.979868   0.839278
  140   0.909233   0.820761   0.979971   0.605313   0.979971   0.833135
  141   0.906049   0.812930   0.980074   0.605205   0.980074   0.826030
  142   0.902197   0.805008   0.980177   0.605097   0.980177   0.818686
  143   0.905046   0.797402   0.980280   0.604990   0.980280   0.811136
  144   0.906491   0.790705   0.980383   0.604882   0.980383   0.803436
  145   0.903835   0.785825   0.980486   0.604774   0.980486   0.795667
  146   0.885981   0.783044   0.980589   0.604666   0.980589   0.787201
  147   0.835711   0.781772   0.980693   0.604558   0.980693   0.778703
  148   0.786205   0.780873   0.980796   0.604450   0.604450   0.770282
  149   0.727852   0.780103   0.980899   0.604342   0.604342   0.762050
  150   0.698879   0.779204   0.981002   0.604235   0.604235   0.754126
  151   0.692834   0.778070   0.981105   0.604127   0.604127   0.746624
  152   0.691438   0.777404   0.981208   0.604019   0.604019   0.739646
  153   0.693943   0.776735   0.981311   0.603911   0.603911   0.733281
  154   0.695518   0.775378   0.981414   0.603803   0.603803   0.727595
  155   0.695290   0.772061   0.981517   0.603695   0.603695   0.722629
  156   0.696569   0.767040   0.981620   0.603587   0.603587   0.718397
  157   0.697290   0.760511   0.981723   0.603480   0.603480   0.715623
  158   0.696092   0.753113   0.981826   0.603372   0.603372   0.714283
  159   0.695773   0.745592   0.981929   0.603264   0.603264   0.713654
  160   0.693228   0.738701   0.982032   0.603156   0.603156   0.713713
  161   0.693484   0.733612   0.982135   0.603048   0.603048   0.714420
  162   0.697306   0.730253   0.982239   0.602940   0.602940   0.715720
  163   0.715562   0.728903   0.982342   0.602832   0.602832   0.716247
  164   0.762905   0.728741   0.982445   0.602725   0.602725   0.717177
  165   0.809544   0.729435   0.982548   0.602617   0.982548   0.718390
  166   0.865122   0.731668   0.982651   0.602509   0.982651   0.719775
  167   0.889188   0.735846   0.982754   0.602401   0.982754   0.721232
  168   0.871253   0.741890   0.982857   0.602293   0.982857   0.722678
  169   0.813172   0.748844   0.982960   0.602185   0.982960   0.724042
  170   0.761593   0.755384   0.983063   0.602077   0.983063   0.725270
  171   0.722256   0.760184   0.983166   0.601970   0.601970   0.726319
  172   0.699349   0.762712   0.983269   0.601862   0.601862   0.727157
  173   0.693222   0.763420   0.983372   0.601754   0.601754   0.727762
  174   0.693038   0.763472   0.983475   0.601646   0.601646   0.728682
  175   0.693233   0.763387   0.983578   0.601538   0.601538   0.729205
  176   0.692154   0.764319   0.983681   0.601430   0.601430   0.729340
  177   0.690041   0.766303   0.983785   0.601322   0.601322   0.729089
  178   0.694340   0.768492   0.983888   0.601215   0.601215   0.728447
  179   0.712263   0.770639   0.983991   0.601107   0.601107   0.727404
  180   0.753961   0.771252   0.984094   0.600999   0.600999   0.725945
  181   0.810939   0.770283   0.984197   0.600891   0.600891   0.724798
  182   0.864740   0.768245   0.984300   0.600783   0.984300   0.723398
  183   0.890014   0.766247   0.984403   0.600675   0.984403   0.721770
  184   0.879686   0.764669   0.984506   0.600567   0.984506   0.719954
  185   0.831676   0.763513   0.984609   0.600460   0.984609   0.718001
  186   0.766900   0.763203   0.984712   0.600352   0.984712   0.715977
  187   0.715591   0.763187   0.984815   0.600244   0.984815   0.713968
  188   0.694686   0.763207   0.984918   0.600136   0.600136   0.712074
  189   0.691098   0.763285   0.985021   0.600028   0.600028   0.710408
  190   0.723404   0.763446   0.985124   0.599920   0.599920   0.709098
  191   0.771107   0.763995   0.985227   0.599812   0.599812   0.707702
  192   0.824209   0.764921   0.985331   0.599705   0.599705   0.707061
  193   0.869655   0.766882   0.985434   0.599597   0.599597   0.706534
  194   0.882295   0.769591   0.985537   0.599489   0.599489   0.706771
  195   0.862056   0.771774   0.985640   0.599381   0.599381   0.707822
  196   0.814167   0.773146   0.985665   0.599290   0.599290   0.709716
  197   0.757248   0.773998   0.985690   0.599198   0.599198   0.713027
  198   0.717409   0.775219   0.985656   0.599156   0.599156   0.717022
  199   0.689885   0.778086   0.985622   0.599115   0.599115   0.722409
  200   0.690675   0.783233   0.985587   0.599073   0.599073   0.728568
  201   0.692774   0.790181   0.985553   0.599031   0.599031   0.735429
  202   0.693586   0.797844   0.985519   0.598989   0.598989   0.742898
  203   0.695425   0.805657   0.985485   0.598948   0.598948   0.750858
  204   0.696658   0.812389   0.985451   0.598906   0.598906   0.759176
  205   0.705405   0.817469   0.985417   0.598864   0.598864   0.766965
  206   0.720260   0.820667   0.985383   0.598822   0.985383   0.774631
  207   0.767173   0.821736   0.985349   0.598781   0.985349   0.781996
  208   0.829833   0.821172   0.985315   0.598739   0.985315   0.788313
  209   0.872066   0.819598   0.985280   0.598697   0.985280   0.794134
  210   0.903148   0.817545   0.985246   0.598655   0.985246   0.799296
  211   0.913876   0.816234   0.985212   0.598613   0.985212   0.803663
  212   0.913865   0.816219   0.985178   0.598572   0.985178   0.807873
  213   0.911950   0.817510   0.985144   0.598530   0.985144   0.811300
  214   0.911025   0.820338   0.985110   0.598488   0.985110   0.814517
  215   0.910133   0.824930   0.985076   0.598446   0.985076   0.816836
  216   0.909240   0.831343   0.985042   0.598404   0.985042   0.818336
  217   0.909875   0.838820   0.985007   0.598363   0.985007   0.819120
  218   0.911881   0.846923   0.984973   0.598321   0.598321   0.819304
  219   0.913353   0.854947   0.984939   0.598279   0.598279   0.819022
  220   0.913758   0.862445   0.984905   0.598237   0.598237   0.818411
  221   0.899587   0.868199   0.984871   0.598196   0.598196   0.817618
  222   0.866498   0.871755   0.984837   0.598154   0.598154   0.816784
  223   0.817996   0.873832   0.984803   0.598112   0.598112   0.816051
  224   0.756675   0.874756   0.984769   0.598070   0.984769   0.815550
  225   0.720543   0.875258   0.984734   0.598028   0.984734   0.815403
  226   0.716970   0.875686   0.984700   0.597987   0.984700   0.815718
  227   0.726040   0.876117   0.984666   0.597945   0.984666   0.816590
  228   0.769869   0.876548   0.984632   0.597903   0.984632   0.818094
  229   0.821339   0.876943   0.984598   0.597861   0.984598   0.820287
  230   0.873144   0.877305   0.984564   0.597819   0.597819   0.823208
  231   0.904793   0.877595   0.984530   0.597778   0.597778   0.826128
  232   0.923553   0.877823   0.984496   0.597736   0.597736   0.829010
  233   0.930074   0.877920   0.984462   0.597694   0.597694   0.832504
  234   0.930190   0.877557   0.984427   0.597652   0.597652   0.836497
  235   0.928290   0.876619   0.984393   0.597611   0.597611   0.840857
  236   0.929398   0.875068   0.984359   0.597569   0.597569   0.845433
  237   0.930244   0.873333   0.984325   0.597527   0.984325   0.850810
  238   0.928999   0.872577   0.984291   0.597485   0.984291   0.856266
  239   0.927940   0.872383   0.984257   0.597443   0.984257   0.861663
  240   0.925846   0.873134   0.984223   0.597402   0.984223   0.866864
  241   0.924031   0.874946   0.984189   0.597360   0.984189   0.871744
  242   0.923089   0.877001   0.984154   0.597318   0.984154   0.876189
  243   0.921196   0.878898   0.984120   0.597276   0.984120   0.880105
  244   0.919369   0.879642   0.984086   0.597235   0.984086   0.884005
  245   0.917998   0.879027   0.984052   0.597193   0.984052   0.887127
  246   0.918267   0.876652   0.984018   0.597151   0.984018   0.889480
  247   0.916051   0.872001   0.983984   0.597109   0.983984   0.891097
  248   0.903602   0.865463   0.983950   0.597068   0.983950   0.892038
  249   0.873326   0.858060   0.983916   0.597026   0.983916   0.892387
  250   0.823072   0.850470   0.983882   0.596984   0.983882   0.890914
  251   0.769423   0.843534   0.983847   0.596942   0.983847   0.889005
  252   0.735513   0.838525   0.983813   0.596900   0.983813   0.886727
  253   0.715099   0.835467   0.983779   0.596859   0.983779   0.884149
  254   0.737992   0.833728   0.983745   0.596817   0.983745   0.881345
  255   0.776785   0.832660   0.983711   0.596775   0.983711   0.878378
  256   0.827402   0.830998   0.983677   0.596733   0.596733   0.875885
  257   0.874446   0.828243   0.983643   0.596691   0.596691   0.873185
  258   0.893982   0.823628   0.983609   0.596650   0.596650   0.870321
  259   0.887592   0.817529   0.983575   0.596608   0.596608   0.867308
  260   0.857037   0.810064   0.983540   0.596566   0.596566   0.864135
  261   0.799855   0.802367   0.983506   0.596524   0.596524   0.860766
  262   0.747120   0.795107   0.983472   0.596483   0.983472   0.857147
  263   0.721008   0.789009   0.983438   0.596441   0.983438   0.853368
  264   0.716886   0.784864   0.983404   0.596399   0.983404   0.849516
  265   0.736016   0.782563   0.983370   0.596357   0.983370   0.845520
  266   0.788771   0.781704   0.983336   0.596315   0.983336   0.841323
  267   0.842291   0.782238   0.983302   0.596274   0.983302   0.836887
  268   0.877174   0.783327   0.983267   0.596232   0.983267   0.832197
  269   0.894121   0.785032   0.983233   0.596190   0.983233   0.827266
  270   0.876562   0.786698   0.983199   0.596148   0.983199   0.822136
  271   0.844042   0.787769   0.983165   0.596107   0.983165   0.816881
  272   0.790144   0.788633   0.983131   0.596065   0.983131   0.811602
  273   0.747226   0.789731   0.983097   0.596023   0.983097   0.806426
  274   0.709255   0.791871   0.983063   0.595981   0.983063   0.801499
  275   0.700540   0.796053   0.983029   0.595939   0.595939   0.796982
  276   0.700328   0.802122   0.982994   0.595898   0.595898   0.793042
  277   0.702578   0.809118   0.982960   0.595856   0.595856   0.789843
  278   0.707017   0.816220   0.982926   0.595814   0.595814   0.787541
  279   0.704984   0.822715   0.982892   0.595772   0.595772   0.786273
  280   0.711447   0.827274   0.982858   0.595730   0.595730   0.786151
  281   0.730066   0.829909   0.982824   0.595689   0.595689   0.787259
  282   0.768479   0.830988   0.982790   0.595647   0.595647   0.790227
  283   0.824520   0.830614   0.982756   0.595605   0.595605   0.793607
  284   0.874058   0.829133   0.982722   0.595563   0.595563   0.797943
  285   0.904437   0.826933   0.982687   0.595522   0.595522   0.803151
  286   0.918158   0.825229   0.982653   0.595480   0.595480   0.809106
  287   0.918344   0.824580   0.982619   0.595438   0.595438   0.815641
  288   0.916972   0.825673   0.982585   0.595396   0.982585   0.821979
  289   0.916937   0.828571   0.982551   0.595354   0.982551   0.828615
  290   0.917048   0.833314   0.982517   0.595313   0.982517   0.836027
  291   0.916903   0.839525   0.982483   0.595271   0.982483   0.843408
  292   0.915751   0.846509   0.982449   0.595229   0.982449   0.850542
  293   0.917862   0.854071   0.982414   0.595187   0.982414   0.857230
  294   0.916424   0.861599   0.982380   0.595146   0.982380   0.863300
  295   0.916083   0.868442   0.982346   0.595104   0.982346   0.868613
  296   0.907385   0.873798   0.982312   0.595062   0.982312   0.873064
  297   0.883638   0.877223   0.982278   0.595020   0.982278   0.875856
  298   0.835095   0.878809   0.982187   0.595017   0.982187   0.877503
  299   0.782460   0.879208   0.982097   0.595013   0.982097   0.877984
  300   0.742410   0.879077   0.982006   0.595010   0.982006   0.877307
  301   0.729073   0.878888   0.981870   0.595178   0.981870   0.876099
  302   0.739835   0.878808   0.981733   0.595347   0.981733   0.873708
  303   0.781707   0.878457   0.981597   0.595515   0.981597   0.870979
  304   0.833118   0.877785   0.981461   0.595683   0.981461   0.867499
  305   0.876483   0.875421   0.981325   0.595851   0.981325   0.863438
  306   0.902586   0.871397   0.981188   0.596020   0.981188   0.858967
  307   0.916716   0.865551   0.981052   0.596188   0.981052   0.854261
  308   0.922217   0.858921   0.980916   0.596356   0.596356   0.849487
  309   0.921681   0.852056   0.980779   0.596524   0.596524   0.844801
  310   0.918433   0.846616   0.980643   0.596693   0.596693   0.840350
  311   0.920421   0.843494   0.980507   0.596861   0.596861   0.836261
  312   0.918474   0.843830   0.980371   0.597029   0.597029   0.832647
  313   0.915618   0.847380   0.980234   0.597197   0.597197   0.829601
  314   0.914481   0.853157   0.980098   0.597366   0.597366   0.826616
  315   0.913039   0.859884   0.979962   0.597534   0.979962   0.824466
  316   0.914744   0.866162   0.979825   0.597702   0.979825   0.823166
  317   0.907097   0.870860   0.979689   0.597870   0.979689   0.821999
  318   0.898250   0.873744   0.979553   0.598039   0.979553   0.821488
  319   0.850701   0.875114   0.979416   0.598207   0.979416   0.821579
  320   0.803083   0.875066   0.979280   0.598375   0.979280   0.822203
  321   0.754165   0.873428   0.979144   0.598543   0.979144   0.823279
  322   0.730788   0.870404   0.979008   0.598712   0.598712   0.824712
  323   0.723856   0.865673   0.978871   0.598880   0.598880   0.826397
  324   0.755070   0.859232   0.978735   0.599048   0.599048   0.828218
  325   0.796218   0.851944   0.978599   0.599217   0.599217   0.830050
  326   0.844518   0.844755   0.978462   0.599385   0.599385   0.831762
  327   0.881854   0.838792   0.978326   0.599553   0.599553   0.833219
  328   0.904178   0.834344   0.978190   0.599721   0.978190   0.834282
  329   0.917416   0.831597   0.978054   0.599889   0.978054   0.834818
  330   0.915627   0.830010   0.977917   0.600058   0.977917   0.834698
  331   0.913244   0.829087   0.977781   0.600226   0.977781   0.834519
  332   0.913885   0.828172   0.977645   0.600394   0.977645   0.833654
  333   0.914827   0.827500   0.977508   0.600563   0.977508   0.832060
  334   0.901255   0.826701   0.977372   0.600731   0.977372   0.830301
  335   0.870844   0.826195   0.977236   0.600899   0.977236   0.827683
  336   0.837537   0.825971   0.977099   0.601067   0.977099   0.824279
  337   0.789213   0.826445   0.976963   0.601236   0.976963   0.820193
  338   0.738095   0.827056   0.976827   0.601404   0.976827   0.815557
  339   0.716362   0.827683   0.976691   0.601572   0.976691   0.810529
  340   0.717171   0.828163   0.976554   0.601740   0.976554   0.805286
  341   0.748656   0.828094   0.976418   0.601909   0.976418   0.799449
  342   0.789933   0.827208   0.976282   0.602077   0.602077   0.793930
  343   0.836132   0.824801   0.976145   0.602245   0.602245   0.788911
  344   0.870317   0.821089   0.976009   0.602413   0.602413   0.784575
  345   0.881242   0.815625   0.975873   0.602582   0.602582   0.781094
  346   0.872639   0.808944   0.975736   0.602750   0.602750   0.777918
  347   0.831882   0.801886   0.975600   0.602918   0.602918   0.775696
  348   0.780704   0.795847   0.975464   0.603086   0.603086   0.775065
  349   0.740002   0.791860   0.975328   0.603255   0.603255   0.775343
  350   0.724509   0.790625   0.975191   0.603423   0.603423   0.776537
  351   0.737119   0.792847   0.975055   0.603591   0.603591   0.778606
  352   0.772180   0.798077   0.974919   0.603759   0.603759   0.781463
  353   0.813792   0.804685   0.974782   0.603928   0.603928   0.785681
  354   0.857943   0.811428   0.974646   0.604096   0.604096   0.790010
  355   0.879914   0.817033   0.974510   0.604264   0.604264   0.794996
  356   0.879384   0.821150   0.974374   0.604432   0.974374   0.800443
  357   0.850011   0.823569   0.974237   0.604601   0.974237   0.806153
  358   0.811696   0.824379   0.974101   0.604769   0.974101   0.811935
  359   0.760249   0.823728   0.973965   0.604937   0.973965   0.817613
  360   0.726828   0.821890   0.973828   0.605105   0.973828   0.822334
  361   0.717195   0.819874   0.973692   0.605274   0.973692   0.826485
  362   0.732155   0.818258   0.973556   0.605442   0.973556   0.829933
  363   0.759224   0.817178   0.973419   0.605610   0.973419   0.832578
  364   0.802939   0.816358   0.973283   0.605778   0.973283   0.834352
  365   0.851438   0.815044   0.973147   0.605947   0.973147   0.835216
  366   0.884533   0.812469   0.973011   0.606115   0.973011   0.835164
  367   0.901385   0.808393   0.972874   0.606283   0.972874   0.834215
  368   0.905981   0.802834   0.972738   0.606451   0.972738   0.833664
  369   0.905602   0.796647   0.972602   0.606620   0.972602   0.832368
  370   0.905212   0.791300   0.972465   0.606788   0.972465   0.830459
  371   0.903841   0.788233   0.972329   0.606956   0.606956   0.828072
  372   0.892998   0.788111   0.972193   0.607124   0.607124   0.825350
  373   0.863021   0.791286   0.972057   0.607293   0.607293   0.822427
  374   0.821187   0.796850   0.971920   0.607461   0.607461   0.819437
  375   0.775417   0.803349   0.971784   0.607629   0.607629   0.815814
  376   0.735458   0.809307   0.971648   0.607797   0.607797   0.812176
  377   0.709765   0.814331   0.971511   0.607966   0.607966   0.808588
  378   0.701548   0.817838   0.971375   0.608134   0.971375   0.805098
  379   0.700335   0.819679   0.971239   0.608302   0.971239   0.801740
  380   0.700070   0.819828   0.971102   0.608470   0.971102   0.798530
  381   0.699683   0.818429   0.970966   0.608639   0.970966   0.795473
  382   0.702285   0.815475   0.970830   0.608807   0.970830   0.792003
  383   0.706676   0.810788   0.970694   0.608975   0.970694   0.789468
  384   0.729675   0.804980   0.970557   0.609143   0.970557   0.787315
  385   0.764123   0.798670   0.970421   0.609312   0.609312   0.785521
  386   0.808297   0.792811   0.970285   0.609480   0.609480   0.784071
  387   0.849123   0.788802   0.970148   0.609648   0.609648   0.782949
  388   0.882620   0.787818   0.970012   0.609816   0.609816   0.782144
  389   0.899182   0.789918   0.969876   0.609985   0.609985   0.781649
  390   0.898969   0.794679   0.969740   0.610153   0.610153   0.781461
  391   0.899911   0.800965   0.969603   0.610321   0.610321   0.781583
  392   0.901140   0.807885   0.969467   0.610490   0.610490   0.782021
  393   0.902983   0.814993   0.969331   0.610658   0.969331   0.782788
  394   0.888705   0.822172   0.969194   0.610826   0.969194   0.783900
  395   0.862213   0.829345   0.969058   0.610994   0.969058   0.785379
  396   0.823255   0.836252   0.968922   0.611162   0.968922   0.787249
  397   0.774357   0.842374   0.968785   0.611331   0.968785   0.790090
  398   0.742603   0.846537   0.968649   0.611499   0.968649   0.792581
  399   0.727167   0.847915   0.968513   0.611667   0.968513   0.795266
  400   0.728937   0.846147   0.968377   0.611836   0.611836   0.798153
  401   0.750774   0.842005   0.968312   0.611959   0.611959   0.801237
  402   0.793616   0.836654   0.968248   0.612083   0.612083   0.804493
  403   0.834219   0.831288   0.968183   0.612206   0.612206   0.807882
  404   0.868783   0.827075   0.968119   0.612329   0.612329   0.810799
  405   0.885758   0.824545   0.967929   0.612530   0.612530   0.813841
  406   0.895325   0.823239   0.967740   0.612731   0.612731   0.816891
  407   0.899356   0.822642   0.967551   0.612931   0.612931   0.819821
  408   0.901079   0.822792   0.967361   0.613132   0.967361   0.822497
  409   0.900522   0.823886   0.967172   0.613333   0.967172   0.824777
  410   0.895682   0.826389   0.966982   0.613533   0.966982   0.826523
  411   0.878093   0.830602   0.966793   0.613734   0.966793   0.828145
  412   0.846248   0.835676   0.966603   0.613934   0.966603   0.828848
  413   0.802689   0.840544   0.966414   0.614135   0.966414   0.829211
  414   0.758798   0.844309   0.966224   0.614336   0.966224   0.828679
  415   0.733152   0.845608   0.966035   0.614536   0.966035   0.827241
  416   0.732798   0.843862   0.965846   0.614737   0.965846   0.824916
  417   0.748916   0.839666   0.965656   0.614937   0.965656   0.821754
  418   0.781011   0.833684   0.965467   0.615138   0.965467   0.817840
  419   0.829083   0.827010   0.965277   0.615339   0.965277   0.812745
  420   0.864561   0.819929   0.965088   0.615539   0.965088   0.807280
  421   0.886272   0.812693   0.964898   0.615740   0.964898   0.801590
  422   0.892920   0.805557   0.964709   0.615940   0.964709   0.795844
  423   0.892831   0.798711   0.964519   0.616141   0.616141   0.790229
  424   0.893340   0.792504   0.964330   0.616342   0.616342   0.784940
  425   0.892321   0.788002   0.964140   0.616542   0.616542   0.780174
  426   0.884679   0.786068   0.963951   0.616743   0.616743   0.776656
  427   0.863454   0.787206   0.963762   0.616944   0.616944   0.773901
  428   0.834379   0.791087   0.963572   0.617144   0.617144   0.772083
  429   0.787145   0.796564   0.963383   0.617345   0.617345   0.770695
  430   0.744727   0.802439   0.963193   0.617545   0.617545   0.770318
  431   0.716721   0.807907   0.963004   0.617746   0.617746   0.770983
  432   0.701302   0.812267   0.962814   0.617947   0.617947   0.772671
  433   0.698866   0.814797   0.962625   0.618147   0.618147   0.775324
  434   0.697067   0.816086   0.962435   0.618348   0.618348   0.778302
  435   0.696750   0.816606   0.962246   0.618549   0.618549   0.782122
  436   0.701257   0.816857   0.962056   0.618749   0.618749   0.786585
  437   0.708840   0.817116   0.961867   0.618950   0.618950   0.792115
  438   0.721890   0.817256   0.961678   0.619150   0.961678   0.798008
  439   0.752037   0.816974   0.961488   0.619351   0.961488   0.804059
  440   0.792110   0.816224   0.961299   0.619552   0.961299   0.810071
  441   0.834527   0.814829   0.961109   0.619752   0.961109   0.815862
  442   0.867469   0.812907   0.960920   0.619953   0.960920   0.821272
  443   0.886526   0.811123   0.960730   0.620153   0.960730   0.826168
  444   0.897292   0.809856   0.960541   0.620354   0.960541   0.829811
  445   0.902010   0.809122   0.960351   0.620555   0.960351   0.832608
  446   0.903090   0.808693   0.960162   0.620755   0.960162   0.834496
  447   0.899928   0.808328   0.959973   0.620956   0.959973   0.835447
  448   0.900649   0.808108   0.959783   0.621157   0.959783   0.835466
  449   0.900846   0.807934   0.959594   0.621357   0.959594   0.835108
  450   0.899943   0.807821   0.959404   0.621558   0.959404   0.833784
  451   0.900084   0.808055   0.959215   0.621758   0.959215   0.831590
  452   0.897244   0.808926   0.959025   0.621959   0.959025   0.828634
  453   0.884433   0.809964   0.958836   0.622160   0.958836   0.825655
  454   0.863678   0.810910   0.958646   0.622360   0.622360   0.822297
  455   0.824407   0.811129   0.958457   0.622561   0.622561   0.818695
  456   0.780562   0.810596   0.958267   0.622761   0.622761   0.814978
  457   0.737177   0.808943   0.958078   0.622962   0.622962   0.811265
  458   0.709247   0.805651   0.957889   0.623163   0.623163   0.807663
  459   0.696169   0.800930   0.957699   0.623363   0.623363   0.804268
  460   0.689303   0.795010   0.957510   0.623564   0.623564   0.801163
  461   0.688657   0.788784   0.957320   0.623764   0.623764   0.798419
  462   0.690896   0.782848   0.957131   0.623965   0.957131   0.796095
  463   0.691868   0.777814   0.956941   0.624166   0.956941   0.794244
  464   0.698092   0.774151   0.956752   0.624366   0.956752   0.792393
  465   0.715391   0.771951   0.956562   0.624567   0.956562   0.791213
  466   0.746285   0.770990   0.956373   0.624768   0.956373   0.790715
  467   0.781117   0.771147   0.956183   0.624968   0.956183   0.790907
  468   0.818588   0.772367   0.955994   0.625169   0.955994   0.791799
  469   0.840647   0.775065   0.955805   0.625369   0.625369   0.793396
  470   0.852564   0.779353   0.955615   0.625570   0.625570   0.795703
  471   0.840243   0.785134   0.955426   0.625771   0.625771   0.798717
  472   0.805121   0.791914   0.955236   0.625971   0.625971   0.802428
  473   0.769815   0.799185   0.955047   0.626172   0.626172   0.806818
  474   0.737331   0.806682   0.954857   0.626372   0.626372   0.811857
  475   0.725584   0.814109   0.954668   0.626573   0.626573   0.817503
  476   0.734454   0.821238   0.954479   0.626774   0.626774   0.823700
  477   0.759893   0.827947   0.954289   0.626974   0.626974   0.829767
  478   0.797374   0.833608   0.954100   0.627175   0.954100   0.836075
  479   0.838476   0.837311   0.953910   0.627375   0.953910   0.842501
  480   0.870350   0.838465   0.953721   0.627576   0.953721   0.849418
  481   0.888818   0.837004   0.953531   0.627777   0.953531   0.856059
  482   0.897834   0.833270   0.953342   0.627977   0.953342   0.862298
  483   0.899967   0.828258   0.953152   0.628178   0.953152   0.868005
  484   0.900620   0.822741   0.952963   0.628379   0.952963   0.873049
  485   0.899054   0.817594   0.952773   0.628579   0.952773   0.877302
  486   0.899084   0.813722   0.952584   0.628780   0.952584   0.880646
  487   0.899742   0.811132   0.952395   0.628980   0.952395   0.882976
  488   0.899226   0.809951   0.952205   0.629181   0.952205   0.883696
  489   0.896608   0.809816   0.952016   0.629382   0.952016   0.883354
  490   0.890517   0.810447   0.951826   0.629582   0.951826   0.881874
  491   0.879728   0.811387   0.951637   0.629783   0.951637   0.879211
  492   0.856583   0.812160   0.951447   0.629983   0.951447   0.875344
  493   0.819095   0.812182   0.951258   0.630184   0.951258   0.870280
  494   0.778580   0.811186   0.951068   0.630385   0.951068   0.864655
  495   0.740205   0.808932   0.950879   0.630585   0.950879   0.858584
  496   0.714051   0.805145   0.950689   0.630786   0.950689   0.851569
  497   0.700306   0.800142   0.950500   0.630987   0.950500   0.843771
  498   0.698089   0.794248   0.950311   0.631187   0.950311   0.835370
  499   0.696115   0.788017   0.950121   0.631388   0.950121   0.826561
  500   0.696711   0.782059   0.949932   0.631588   0.949932   0.817548
  501   0.697299   0.776912   0.949742   0.631789   0.949742   0.808544
  502   0.704250   0.772983   0.949553   0.631990   0.631990   0.799161
  503   0.721818   0.770508   0.949384   0.632188   0.632188   0.790050
  504   0.752108   0.769223   0.949215   0.632387   0.632387   0.780886
  505   0.786225   0.769101   0.949046   0.632586   0.632586   0.772424
  506   0.819017   0.770200   0.948877   0.632785   0.632785   0.764768
  507   0.839090   0.772831   0.948708   0.632984   0.632984   0.758002
  508   0.842466   0.776965   0.948558   0.633090   0.633090   0.752180
  509   0.825706   0.782410   0.948407   0.633197   0.633197   0.747327
  510   0.791778   0.788567   0.948256   0.633304   0.633304   0.743437
  511   0.759885   0.795211   0.948105   0.633411   0.633411   0.740473
  512   0.735609   0.801903   0.947954   0.633518   0.633518   0.738367
  513   0.724581   0.808601   0.947803   0.633625   0.633625   0.737024
  514   0.732260   0.815106   0.947652   0.633732   0.633732   0.736325
  515   0.755621   0.821063   0.947501   0.633839   0.633839   0.736132
  516   0.789214   0.825811   0.947350   0.633946   0.633946   0.736293
  517   0.827320   0.828744   0.947199   0.634053   0.634053   0.736649
  518   0.854530   0.829175   0.947048   0.634160   0.634160   0.737043
  519   0.876291   0.827157   0.946897   0.634267   0.946897   0.737911
  520   0.887364   0.823215   0.946746   0.634374   0.946746   0.738681
  521   0.892760   0.818142   0.946596   0.634481   0.946596   0.739263
  522   0.894332   0.812812   0.946445   0.634588   0.946445   0.739593
  523   0.892659   0.807981   0.946294   0.634695   0.946294   0.739639
  524   0.886454   0.804305   0.946143   0.634802   0.946143   0.739398
  525   0.886358   0.801808   0.945992   0.634909   0.945992   0.738899
  526   0.885464   0.800504   0.945841   0.635016   0.945841   0.738203
  527   0.883637   0.800158   0.945690   0.635123   0.635123   0.737393
  528   0.878874   0.800483   0.945539   0.635229   0.635229   0.736470
  529   0.864073   0.801082   0.945388   0.635336   0.635336   0.735401
  530   0.837214   0.801405   0.945237   0.635443   0.635443   0.734310
  531   0.803927   0.800972   0.945086   0.635550   0.635550   0.733314
  532   0.764180   0.799439   0.944935   0.635657   0.635657   0.732522
  533   0.729719   0.796563   0.944784   0.635764   0.635764   0.732025
  534   0.708655   0.792446   0.944634   0.635871   0.635871   0.731893
  535   0.697032   0.787038   0.944483   0.635978   0.635978   0.732170
  536   0.693241   0.780711   0.944332   0.636085   0.636085   0.732869
  537   0.690429   0.774219   0.944181   0.636192   0.636192   0.733977
  538   0.688855   0.768068   0.944030   0.636299   0.636299   0.735452
  539   0.689965   0.762577   0.943879   0.636406   0.636406   0.737222
  540   0.699085   0.758080   0.943728   0.636513   0.636513   0.739195
  541   0.714897   0.754464   0.943577   0.636620   0.636620   0.741261
  542   0.741360   0.751533   0.943426   0.636727   0.636727   0.743293
  543   0.772400   0.748953   0.943275   0.636834   0.636834   0.745163
  544   0.798263   0.746610   0.943124   0.636941   0.943124   0.746739
  545   0.815190   0.744441   0.942973   0.637048   0.942973   0.747427
  546   0.811600   0.742781   0.942822   0.637154   0.942822   0.747696
  547   0.795769   0.741567   0.942672   0.637261   0.942672   0.747431
  548   0.772086   0.740953   0.942521   0.637368   0.942521   0.746545
  549   0.741335   0.740536   0.942370   0.637475   0.942370   0.744979
  550   0.717176   0.740023   0.942219   0.637582   0.942219   0.742703
  551   0.710890   0.739544   0.942068   0.637689   0.942068   0.739717
  552   0.714239   0.739121   0.941917   0.637796   0.941917   0.736050
  553   0.732611   0.738676   0.941766   0.637903   0.637903   0.732224
  554   0.759541   0.737950   0.941615   0.638010   0.638010   0.728311
  555   0.782395   0.736721   0.941464   0.638117   0.638117   0.724004
  556   0.796803   0.734623   0.941313   0.638224   0.638224   0.719457
  557   0.791840   0.731491   0.941162   0.638331   0.638331   0.714829
  558   0.771596   0.727576   0.941011   0.638438   0.638438   0.710287
  559   0.743199   0.723456   0.940860   0.638545   0.638545   0.705993
  560   0.717704   0.720054   0.940710   0.638652   0.638652   0.702104
  561   0.695720   0.717992   0.940559   0.638759   0.638759   0.698768
  562   0.691468   0.717987   0.940408   0.638866   0.638866   0.696121
  563   0.685349   0.719684   0.940257   0.638973   0.638973   0.693711
  564   0.678883   0.722497   0.940106   0.639080   0.639080   0.692059
  565   0.677005   0.725269   0.939955   0.639186   0.639186   0.691214
  566   0.677004   0.726980   0.939804   0.639293   0.639293   0.691202
  567   0.677511   0.726972   0.939653   0.639400   0.639400   0.692023
  568   0.678773   0.725182   0.939502   0.639507   0.639507   0.693652
  569   0.680473   0.721946   0.939351   0.639614   0.639614   0.696039
  570   0.682603   0.717886   0.939200   0.639721   0.639721   0.698649
  571   0.684726   0.713838   0.939049   0.639828   0.639828   0.701954
  572   0.688623   0.710492   0.938898   0.639935   0.639935   0.706385
  573   0.699849   0.708304   0.938747   0.640042   0.640042   0.711381
  574   0.716345   0.707164   0.938597   0.640149   0.640149   0.716817
  575   0.738030   0.707295   0.938446   0.640256   0.640256   0.722567
  576   0.771941   0.708151   0.938295   0.640363   0.640363   0.728510
  577   0.788859   0.710308   0.938144   0.640470   0.640470   0.734529
  578   0.795920   0.713954   0.937993   0.640577   0.640577   0.740520
  579   0.788514   0.718484   0.937842   0.640684   0.937842   0.746852
  580   0.762136   0.723277   0.937691   0.640791   0.937691   0.752891
  581   0.732393   0.727732   0.937540   0.640898   0.937540   0.758045
  582   0.709424   0.731416   0.937389   0.641005   0.937389   0.762713
  583   0.691790   0.734188   0.937238   0.641111   0.937238   0.766870
  584   0.683137   0.735923   0.937087   0.641218   0.937087   0.770509
  585   0.678485   0.737124   0.936936   0.641325   0.936936   0.773631
  586   0.677919   0.738025   0.936785   0.641432   0.936785   0.776254
  587   0.681914   0.738887   0.936634   0.641539   0.936634   0.778401
  588   0.685778   0.740059   0.936484   0.641646   0.641646   0.780102
  589   0.699406   0.741273   0.936333   0.641753   0.641753   0.781385
  590   0.715425   0.741798   0.936182   0.641860   0.641860   0.782281
  591   0.745744   0.742008   0.936031   0.641967   0.641967   0.782812
  592   0.780986   0.741585   0.935880   0.642074   0.642074   0.782995
  593   0.803842   0.740685   0.935729   0.642181   0.642181   0.782835
  594   0.811198   0.739670   0.935578   0.642288   0.642288   0.782330
  595   0.802243   0.738760   0.935427   0.642395   0.642395   0.781466
  596   0.781933   0.738112   0.935276   0.642502   0.642502   0.780224
  597   0.758107   0.737552   0.935125   0.642609   0.935125   0.778578
  598   0.731180   0.737165   0.934974   0.642716   0.934974   0.776499
  599   0.718350   0.736884   0.934823   0.642823   0.934823   0.773961
  600   0.713841   0.736584   0.934672   0.642930   0.934672   0.770940
  601   0.723991   0.736125   0.934522   0.643037   0.934522   0.767421
  602   0.749161   0.735511   0.934371   0.643143   0.934371   0.763402
  603   0.772029   0.734411   0.934220   0.643250   0.934220   0.758890
  604   0.786639   0.732639   0.934069   0.643357   0.934069   0.753909
  605   0.794721   0.729864   0.933918   0.643464   0.933918   0.748049
  606   0.784095   0.725894   0.933773   0.643566   0.643566   0.741913
  607   0.763319   0.721025   0.933628   0.643668   0.643668   0.735545
  608   0.733694   0.715808   0.933483   0.643769   0.643769   0.729003
  609   0.706928   0.710920   0.933338   0.643871   0.643871   0.722356
  610   0.691272   0.706766   0.933194   0.643973   0.643973   0.715679
  611   0.676123   0.703428   0.933049   0.644074   0.644074   0.709050
  612   0.672279   0.701043   0.933155   0.644072   0.644072   0.702547
  613   0.670623   0.699095   0.933261   0.644069   0.644069   0.696244
  614   0.669525   0.697269   0.933367   0.644067   0.644067   0.690651
  615   0.669070   0.695082   0.933473   0.644064   0.644064   0.685279
  616   0.668566   0.691995   0.933579   0.644062   0.644062   0.680196
  617   0.668614   0.688106   0.933685   0.644060   0.644060   0.675451
  618   0.665827   0.683766   0.933791   0.644057   0.644057   0.671080
  619   0.668030   0.679169   0.933897   0.644055   0.644055   0.667671
  620   0.669842   0.674963   0.934004   0.644052   0.644052   0.664819
  621   0.667492   0.671548   0.934110   0.644050   0.644050   0.662551
  622   0.665135   0.669295   0.934216   0.644047   0.644047   0.660893
  623   0.665376   0.668081   0.934322   0.644045   0.644045   0.659421
  624   0.665617   0.667460   0.934428   0.644042   0.644042   0.658695
  625   0.664652   0.667370   0.934534   0.644040   0.644040   0.658713
  626   0.664393   0.667427   0.934640   0.644037   0.644037   0.659475
  627   0.663791   0.667518   0.934746   0.644035   0.644035   0.660985
  628   0.662733   0.667733   0.934852   0.644033   0.644033   0.662682
  629   0.662733   0.668014   0.934959   0.644030   0.644030   0.664990
  630   0.662733   0.668308   0.935065   0.644028   0.644028   0.667886
  631   0.663151   0.668565   0.935171   0.644025   0.644025   0.671343
  632   0.665098   0.669043   0.935277   0.644023   0.644023   0.675762
  633   0.666016   0.669685   0.935383   0.644020   0.644020   0.680560
  634   0.666336   0.670482   0.935489   0.644018   0.644018   0.685702
  635   0.667698   0.671861   0.935595   0.644015   0.644015   0.691137
  636   0.670592   0.674139   0.935701   0.644013   0.644013   0.696797
  637   0.672950   0.677239   0.935807   0.644010   0.644010   0.702603
  638   0.673886   0.681290   0.935914   0.644008   0.644008   0.709029
  639   0.673597   0.686171   0.936020   0.644005   0.644005   0.715551
  640   0.673872   0.691412   0.936126   0.644003   0.644003   0.722088
  641   0.673175   0.696510   0.936232   0.644001   0.644001   0.728556
  642   0.675529   0.701104   0.936338   0.643998   0.643998   0.734876
  643   0.676939   0.704854   0.936444   0.643996   0.643996   0.740974
  644   0.676825   0.707902   0.936550   0.643993   0.936550   0.746789
  645   0.675788   0.710591   0.936656   0.643991   0.936656   0.752276
  646   0.679229   0.713253   0.936762   0.643988   0.936762   0.757404
  647   0.685994   0.716275   0.936868   0.643986   0.936868   0.762165
  648   0.692165   0.720138   0.936975   0.643983   0.936975   0.766571
  649   0.706086   0.724960   0.937081   0.643981   0.937081   0.770654
  650   0.728923   0.730580   0.937187   0.643978   0.937187   0.774466
  651   0.752186   0.736959   0.937293   0.643976   0.937293   0.778075
  652   0.779048   0.743687   0.937399   0.643974   0.937399   0.781563
  653   0.801322   0.750535   0.937505   0.643971   0.643971   0.785020
  654   0.811135   0.757357   0.937611   0.643969   0.643969   0.788539
  655   0.806526   0.763875   0.937717   0.643966   0.643966   0.792213
  656   0.791383   0.769656   0.937823   0.643964   0.643964   0.796125
  657   0.767713   0.774383   0.937930   0.643961   0.643961   0.800351
  658   0.748075   0.778239   0.938036   0.643959   0.643959   0.804947
  659   0.738464   0.781240   0.938142   0.643956   0.643956   0.809952
  660   0.739630   0.783634   0.938248   0.643954   0.643954   0.815384
  661   0.750626   0.785330   0.938354   0.643951   0.643951   0.821240
  662   0.774488   0.787159   0.938460   0.643949   0.643949   0.827493
  663   0.802715   0.789152   0.938566   0.643947   0.938566   0.834100
  664   0.827959   0.791195   0.938672   0.643944   0.938672   0.840998
  665   0.851571   0.793389   0.938778   0.643942   0.938778   0.848113
  666   0.862273   0.795585   0.938884   0.643939   0.938884   0.855360
  667   0.865324   0.797770   0.938991   0.643937   0.938991   0.862073
  668   0.864901   0.799957   0.939097   0.643934   0.939097   0.868581
  669   0.855663   0.802453   0.939203   0.643932   0.939203   0.874763
  670   0.837422   0.805543   0.939309   0.643929   0.939309   0.880060
  671   0.809296   0.809522   0.939415   0.643927   0.939415   0.884898
  672   0.784775   0.814236   0.939521   0.643924   0.939521   0.889151
  673   0.759830   0.819249   0.939627   0.643922   0.939627   0.892706
  674   0.746244   0.824187   0.939733   0.643919   0.939733   0.895463
  675   0.733491   0.828542   0.939839   0.643917   0.939839   0.897340
  676   0.743369   0.831725   0.939946   0.643915   0.939946   0.898267
  677   0.761889   0.833441   0.940052   0.643912   0.940052   0.898191
  678   0.786139   0.833593   0.940158   0.643910   0.940158   0.897072
  679   0.813627   0.831899   0.940264   0.643907   0.940264   0.895333
  680   0.840517   0.828729   0.940370   0.643905   0.940370   0.892420
  681   0.862499   0.824362   0.940476   0.643902   0.940476   0.888363
  682   0.872387   0.819160   0.940582   0.643900   0.940582   0.883200
  683   0.876415   0.813742   0.940688   0.643897   0.940688   0.876982
  684   0.877894   0.808669   0.940794   0.643895   0.940794   0.869773
  685   0.879136   0.804397   0.940901   0.643892   0.940901   0.861648
  686   0.880057   0.801005   0.941007   0.643890   0.941007   0.852694
  687   0.878836   0.798625   0.941113   0.643888   0.941113   0.843587
  688   0.877889   0.796984   0.941219   0.643885   0.941219   0.834014
  689   0.872556   0.796143   0.941325   0.643883   0.941325   0.823677
  690   0.863620   0.795679   0.941431   0.643880   0.941431   0.813284
  691   0.850750   0.795268   0.941537   0.643878   0.941537   0.802983
  692   0.832237   0.794829   0.941643   0.643875   0.643875   0.792930
  693   0.804129   0.794031   0.941749   0.643873   0.643873   0.783289
  694   0.773515   0.792461   0.941855   0.643870   0.643870   0.774221
  695   0.743050   0.789901   0.941962   0.643868   0.643868   0.765886
  696   0.719234   0.786234   0.942068   0.643865   0.643865   0.758435
  697   0.703957   0.781559   0.942174   0.643863   0.643863   0.751426
  698   0.695376   0.776400   0.942280   0.643861   0.643861   0.745407
  699   0.689676   0.771062   0.942386   0.643858   0.643858   0.740449
  700   0.689801   0.765715   0.942492   0.643856   0.643856   0.736595
  701   0.693207   0.761003   0.942598   0.643853   0.643853   0.733860
  702   0.700302   0.756970   0.942704   0.643851   0.643851   0.732227
  703   0.709939   0.753793   0.942810   0.643848   0.643848   0.731649
  704   0.730361   0.751306   0.942916   0.643846   0.643846   0.732049
  705   0.750393   0.749277   0.943023   0.643843   0.643843   0.733322
  706   0.773835   0.747493   0.943129   0.643841   0.643841   0.735339
  707   0.791281   0.746043   0.943235   0.643838   0.643838   0.737947
  708   0.796562   0.744994   0.943236   0.643875   0.643875   0.740981
  709   0.790839   0.744512   0.943237   0.643912   0.643912   0.744260
  710   0.769713   0.744672   0.943239   0.643949   0.643949   0.747603
  711   0.745486   0.745678   0.943240   0.643985   0.643985   0.750829
  712   0.733452   0.747423   0.943241   0.644022   0.943241   0.753763
  713   0.729690   0.750144   0.943243   0.644059   0.943243   0.756246
  714   0.730319   0.753387   0.943244   0.644096   0.943244   0.758138
  715   0.746920   0.756944   0.943617   0.644246   0.943617   0.759321
  716   0.764958   0.760115   0.943989   0.644397   0.943989   0.759707
  717   0.783593   0.762475   0.944362   0.644548   0.944362   0.759236
  718   0.793983   0.763166   0.944735   0.644699   0.944735   0.758919
  719   0.793930   0.762303   0.945108   0.644850   0.945108   0.757776
  720   0.782307   0.760029   0.945480   0.645000   0.945480   0.755892
  721   0.763532   0.756816   0.945853   0.645151   0.945853   0.753381
  722   0.744128   0.753147   0.946226   0.645302   0.645302   0.750380
  723   0.729545   0.749662   0.946598   0.645453   0.645453   0.747048
  724   0.723725   0.746916   0.946971   0.645604   0.645604   0.743555
  725   0.732128   0.745177   0.947344   0.645754   0.645754   0.740086
  726   0.744234   0.744165   0.947717   0.645905   0.645905   0.736823
  727   0.765855   0.743891   0.948089   0.646056   0.646056   0.733948
  728   0.780624   0.744319   0.948462   0.646207   0.646207   0.731041
  729   0.792790   0.745124   0.948835   0.646357   0.646357   0.728695
  730   0.789099   0.746384   0.949207   0.646508   0.646508   0.727016
  731   0.776023   0.747913   0.949580   0.646659   0.646659   0.726083
  732   0.749711   0.749800   0.949953   0.646810   0.646810   0.725943
  733   0.726206   0.752368   0.950326   0.646961   0.646961   0.726613
  734   0.710185   0.755610   0.950698   0.647111   0.647111   0.728075
  735   0.701310   0.759541   0.951071   0.647262   0.647262   0.730279
  736   0.693837   0.764143   0.951444   0.647413   0.647413   0.733144
  737   0.693242   0.769260   0.951816   0.647564   0.647564   0.736562
  738   0.692838   0.774526   0.952189   0.647715   0.647715   0.739950
  739   0.696777   0.779287   0.952562   0.647865   0.647865   0.743710
  740   0.705119   0.783361   0.952935   0.648016   0.648016   0.747660
  741   0.722021   0.786254   0.953307   0.648167   0.648167   0.751612
  742   0.742305   0.787993   0.953680   0.648318   0.648318   0.755382
  743   0.769474   0.788354   0.954053   0.648469   0.954053   0.758795
  744   0.800232   0.787856   0.954426   0.648619   0.954426   0.761693
  745   0.826405   0.786974   0.954798   0.648770   0.954798   0.763935
  746   0.846819   0.786521   0.955171   0.648921   0.955171   0.765407
  747   0.865839   0.786619   0.955544   0.649072   0.955544   0.766023
  748   0.873066   0.787359   0.955916   0.649223   0.955916   0.766180
  749   0.873613   0.788758   0.956289   0.649374   0.956289   0.765298
  750   0.872988   0.790951   0.956662   0.649524   0.956662   0.763404
  751   0.872809   0.793817   0.957035   0.649675   0.957035   0.760552
  752   0.871178   0.797183   0.957407   0.649826   0.957407   0.756819
  753   0.865422   0.800464   0.957780   0.649977   0.649977   0.752303
  754   0.858326   0.803151   0.958153   0.650127   0.650127   0.747121
  755   0.846848   0.804601   0.958525   0.650278   0.650278   0.741398
  756   0.829320   0.804508   0.958898   0.650429   0.650429   0.735269
  757   0.802912   0.802582   0.959271   0.650580   0.650580   0.728868
  758   0.775128   0.799064   0.959644   0.650731   0.650731   0.722330
  759   0.751345   0.794204   0.960016   0.650881   0.650881   0.715779
  760   0.737020   0.788402   0.960389   0.651032   0.651032   0.709938
  761   0.728947   0.781856   0.960762   0.651183   0.651183   0.704463
  762   0.730921   0.775027   0.961134   0.651334   0.651334   0.699475
  763   0.740459   0.768148   0.961507   0.651485   0.651485   0.695080
  764   0.755251   0.761254   0.961880   0.651635   0.651635   0.691372
  765   0.773488   0.754319   0.962253   0.651786   0.651786   0.688434
  766   0.787093   0.747507   0.962625   0.651937   0.651937   0.686334
  767   0.788632   0.741025   0.962998   0.652088   0.652088   0.685130
  768   0.780358   0.735016   0.963371   0.652239   0.652239   0.684868
  769   0.762623   0.729668   0.963743   0.652389   0.652389   0.685124
  770   0.739698   0.725600   0.964116   0.652540   0.652540   0.686489
  771   0.715556   0.723238   0.964489   0.652691   0.652691   0.688347
  772   0.701718   0.722574   0.964862   0.652842   0.652842   0.691136
  773   0.690322   0.723487   0.965234   0.652993   0.652993   0.694806
  774   0.684369   0.725297   0.965607   0.653143   0.653143   0.699291
  775   0.682544   0.727549   0.965980   0.653294   0.653294   0.704516
  776   0.681849   0.729353   0.966353   0.653445   0.653445   0.710390
  777   0.681001   0.730312   0.966725   0.653596   0.653596   0.716806
  778   0.679958   0.730041   0.967098   0.653747   0.653747   0.723646
  779   0.678630   0.728743   0.967471   0.653897   0.653897   0.731240
  780   0.680463   0.726858   0.967843   0.654048   0.654048   0.738875
  781   0.683903   0.725118   0.968216   0.654199   0.654199   0.746418
  782   0.690093   0.724449   0.968589   0.654350   0.654350   0.754342
  783   0.697103   0.725312   0.968962   0.654501   0.654501   0.762049
  784   0.715423   0.727862   0.969334   0.654651   0.654651   0.769426
  785   0.736750   0.732062   0.969707   0.654802   0.969707   0.776336
  786   0.756561   0.737339   0.970080   0.654953   0.970080   0.782714
  787   0.776893   0.743131   0.970452   0.655104   0.970452   0.788488
  788   0.787700   0.749147   0.970825   0.655255   0.970825   0.793613
  789   0.792002   0.754929   0.971198   0.655405   0.971198   0.798066
  790   0.781450   0.760221   0.971571   0.655556   0.971571   0.801855
  791   0.767293   0.764937   0.971943   0.655707   0.971943   0.805018
  792   0.747656   0.768801   0.972316   0.655858   0.972316   0.807620
  793   0.737172   0.771804   0.972689   0.656009   0.972689   0.809289
  794   0.734293   0.774031   0.973061   0.656159   0.973061   0.810476
  795   0.739923   0.775772   0.973434   0.656310   0.973434   0.811281
  796   0.761623   0.777258   0.973807   0.656461   0.656461   0.811816
  797   0.786776   0.778690   0.974180   0.656612   0.656612   0.812188
  798   0.811111   0.779841   0.974552   0.656763   0.656763   0.812502
  799   0.833152   0.780767   0.974925   0.656913   0.656913   0.812850
  800   0.849460   0.781462   0.975298   0.657064   0.657064   0.813303
  801   0.852503   0.781700   0.975670   0.657215   0.657215   0.813915
  802   0.852832   0.781418   0.976043   0.657366   0.657366   0.814710
  803   0.844426   0.780660   0.976416   0.657517   0.657517   0.815690
  804   0.830026   0.779659   0.976789   0.657667   0.657667   0.816830
  805   0.813069   0.778322   0.977161   0.657818   0.657818   0.818080
  806   0.788130   0.776902   0.977534   0.657969   0.657969   0.819371
  807   0.762713   0.775282   0.977907   0.658120   0.977907   0.820619
  808   0.742833   0.773562   0.978280   0.658271   0.978280   0.821728
  809   0.732635   0.771470   0.978652   0.658421   0.978652   0.822601
  810   0.731711   0.768493   0.962664   0.681010   0.962664   0.823140
  811   0.737200   0.764600   0.963097   0.681141   0.963097   0.822782
  812   0.747657   0.759855   0.963530   0.681272   0.963530   0.822034
  813   0.762662   0.754297   0.963964   0.681403   0.963964   0.820817
  814   0.776021   0.748087   0.964397   0.681534   0.964397   0.819077
  815   0.783569   0.741908   0.964830   0.681664   0.964830   0.816783
  816   0.779812   0.735864   0.965264   0.681795   0.965264   0.813932
  817   0.770766   0.730440   0.965697   0.681926   0.965697   0.810545
  818   0.753433   0.726068   0.914827   0.727479   0.727479   0.806664
  819   0.729843   0.722999   0.914827   0.727545   0.727545   0.802350
  820   0.707897   0.721547   0.914827   0.727612   0.727612   0.797679
  821   0.691815   0.721675   0.914827   0.727679   0.727679   0.792736
  822   0.686145   0.722813   0.914827   0.727746   0.727746   0.788093
  823   0.681329   0.724346   0.914827   0.727813   0.727813   0.783255
  824   0.678268   0.725784   0.914827   0.727879   0.727879   0.778336
  825   0.677790   0.726555   0.914827   0.727946   0.727946   0.773436
  826   0.678242   0.726406   0.914827   0.728013   0.728013   0.768648
  827   0.677525   0.725419   0.914827   0.728080   0.728080   0.764048
  828   0.675568   0.723738   0.914827   0.728147   0.728147   0.759696
  829   0.679513   0.721998   0.914827   0.728213   0.728213   0.755642
  830   0.683595   0.720921   0.914827   0.728280   0.728280   0.751917
  831   0.692543   0.720968   0.914827   0.728347   0.728347   0.748541
  832   0.707615   0.722556   0.914827   0.728414   0.728414   0.745521
  833   0.727145   0.725694   0.914827   0.728481   0.728481   0.742371
  834   0.747455   0.730120   0.914827   0.728547   0.728547   0.739671
  835   0.766298   0.735406   0.914827   0.728614   0.728614   0.737381
  836   0.774716   0.740957   0.914827   0.728681   0.728681   0.735484
  837   0.775565   0.746543   0.914827   0.728748   0.728748   0.733908
