   70   0.678843   0.675923   0.914827   0.677507   0.677507        nan
   71   0.678605   0.677103   0.914827   0.677574   0.677574        nan
   72   0.678922   0.678245   0.914827   0.677641   0.677641        nan
   73   0.678417   0.679358   0.914827   0.677708   0.677708        nan
   74   0.678977   0.680399   0.914827   0.677775   0.677775        nan
   75   0.679594   0.681271   0.914827   0.677841   0.677841        nan
   76   0.680746   0.682011   0.914827   0.677908   0.677908        nan
   77   0.683112   0.682787   0.914827   0.677975   0.677975        nan
   78   0.683130   0.684251   0.914827   0.678042   0.678042        nan
   79   0.683169   0.687138   0.914827   0.678109   0.678109        nan
   80   0.683598   0.692209   0.914827   0.678175   0.678175        nan
   81   0.684165   0.698875   0.914827   0.678242   0.678242        nan
   82   0.685517   0.706482   0.914827   0.678309   0.678309        nan
   83   0.685994   0.713745   0.914827   0.678376   0.678376        nan
   84   0.685944   0.719815   0.914827   0.678443   0.678443        nan
   85   0.686819   0.724039   0.914827   0.678509   0.678509        nan
   86   0.687993   0.726489   0.914827   0.678576   0.678576        nan
   87   0.689286   0.727831   0.914827   0.678643   0.678643        nan
   88   0.690162   0.728761   0.914827   0.678710   0.678710        nan
   89   0.689651   0.730128   0.914827   0.678777   0.678777        nan
   90   0.689358   0.733110   0.914827   0.678843   0.914827        nan
   91   0.693770   0.737905   0.914827   0.678910   0.914827        nan
   92   0.715587   0.744736   0.914827   0.678977   0.914827        nan
   93   0.757611   0.752739   0.914827   0.679044   0.914827        nan
   94   0.819547   0.760472   0.914827   0.679111   0.914827        nan
   95   0.864273   0.766247   0.914827   0.679178   0.679178        nan
   96   0.889628   0.770092   0.914827   0.679244   0.679244        nan
   97   0.882452   0.772275   0.914827   0.679311   0.679311        nan
   98   0.848804   0.773320   0.914827   0.679378   0.679378        nan
   99   0.796858   0.775035   0.914827   0.679445   0.679445        nan
  100   0.747539   0.777869   0.914827   0.679512   0.679512        nan
  101   0.715998   0.782428   0.914827   0.679578   0.914827        nan
  102   0.704998   0.788984   0.914827   0.679645   0.914827        nan
  103   0.717876   0.796484   0.914827   0.679712   0.914827        nan
  104   0.764243   0.804353   0.914827   0.679779   0.914827        nan
  105   0.817367   0.812028   0.914827   0.679846   0.914827        nan
  106   0.874407   0.818929   0.914827   0.679912   0.679912        nan
  107   0.907241   0.824377   0.914827   0.679979   0.679979        nan
  108   0.900112   0.827636   0.914827   0.680046   0.680046        nan
  109   0.845876   0.829307   0.914827   0.680113   0.680113        nan
  110   0.793177   0.830100   0.914827   0.680180   0.680180        nan
  111   0.747114   0.831155   0.914827   0.680246   0.797537        nan
  112   0.715226   0.833350   0.914827   0.680313   0.797570        nan
  113   0.734824   0.837553   0.914827   0.680380   0.797604        nan
  114   0.767348   0.843655   0.914827   0.680447   0.797637        nan
  115   0.816952   0.850593   0.914827   0.680514   0.797670        nan
  116   0.873711   0.856972   0.914827   0.680580   0.797704        nan
  117   0.899665   0.861062   0.914827   0.680647   0.797737        nan
  118   0.909672   0.861307   0.914827   0.680714   0.797771        nan
  119   0.908691   0.858155   0.914827   0.680781   0.797804        nan
  120   0.908801   0.852728   0.914827   0.680848   0.797837        nan
  121   0.910148   0.846653   0.914827   0.680915   0.797871        nan
  122   0.910805   0.842652   0.914827   0.680981   0.797904        nan
  123   0.911075   0.842488   0.914827   0.681048   0.797938        nan
  124   0.911821   0.845723   0.914827   0.681115   0.797971        nan
  125   0.911982   0.851467   0.914827   0.681182   0.798004        nan
  126   0.910261   0.858396   0.914827   0.681249   0.798038        nan
  127   0.914553   0.864511   0.914827   0.681315   0.798071        nan
  128   0.918394   0.869327   0.914827   0.681382   0.798105        nan
  129   0.910261   0.872473   0.914827   0.681449   0.798138        nan
  130   0.883612   0.873644   0.914827   0.681516   0.798171        nan
  131   0.832396   0.873793   0.914827   0.681583   0.798205        nan
  132   0.771104   0.872947   0.914827   0.681649   0.798238        nan
  133   0.729113   0.870340   0.914827   0.681716   0.798272        nan
  134   0.722455   0.865962   0.914827   0.681783   0.798305        nan
  135   0.737135   0.859451   0.914827   0.681850   0.798338        nan
  136   0.788080   0.851883   0.914827   0.681917   0.798372        nan
  137   0.841302   0.844088   0.914827   0.681983   0.798405        nan
  138   0.883752   0.836217   0.914827   0.682050   0.798439        nan
  139   0.907942   0.828430   0.914827   0.682117   0.914827        nan
  140   0.909233   0.820761   0.914827   0.682184   0.914827        nan
  141   0.906049   0.812930   0.914827   0.682251   0.914827        nan
  142   0.902197   0.805008   0.914827   0.682317   0.914827        nan
  143   0.905046   0.797402   0.914827   0.682384   0.914827        nan
  144   0.906491   0.790705   0.914827   0.682451   0.682451        nan
  145   0.903835   0.785825   0.914827   0.682518   0.682518        nan
  146   0.885981   0.783044   0.914827   0.682585   0.682585        nan
  147   0.835711   0.781772   0.914827   0.682651   0.682651        nan
  148   0.786205   0.780873   0.914827   0.682718   0.682718        nan
  149   0.727852   0.780103   0.914827   0.682785   0.682785        nan
  150   0.698879   0.779204   0.914827   0.682852   0.798839        nan
  151   0.692834   0.778070   0.914827   0.682919   0.798873        nan
  152   0.691438   0.777404   0.914827   0.682985   0.798906        nan
  153   0.693943   0.776735   0.914827   0.683052   0.798940        nan
  154   0.695518   0.775378   0.914827   0.683119   0.798973        nan
  155   0.695290   0.772061   0.914827   0.683186   0.799006        nan
  156   0.696569   0.767040   0.914827   0.683253   0.799040        nan
  157   0.697290   0.760511   0.914827   0.683320   0.799073        nan
  158   0.696092   0.753113   0.914827   0.683386   0.799107        nan
  159   0.695773   0.745592   0.914827   0.683453   0.799140        nan
  160   0.693228   0.738701   0.914827   0.683520   0.799173        nan
  161   0.693484   0.733612   0.914827   0.683587   0.799207        nan
  162   0.697306   0.730253   0.914827   0.683654   0.799240        nan
  163   0.715562   0.728903   0.914827   0.683720   0.799274        nan
  164   0.762905   0.728741   0.914827   0.683787   0.799307        nan
  165   0.809544   0.729435   0.914827   0.683854   0.799340        nan
  166   0.865122   0.731668   0.914827   0.683921   0.799374        nan
  167   0.889188   0.735846   0.914827   0.683988   0.799407        nan
  168   0.871253   0.741890   0.914827   0.684054   0.799441        nan
  169   0.813172   0.748844   0.914827   0.684121   0.799474        nan
  170   0.761593   0.755384   0.914827   0.684188   0.799507        nan
  171   0.722256   0.760184   0.914827   0.684255   0.799541        nan
  172   0.699349   0.762712   0.914827   0.684322   0.799574        nan
  173   0.693222   0.763420   0.914827   0.684388   0.799608        nan
  174   0.693038   0.763472   0.914827   0.684455   0.799641        nan
  175   0.693233   0.763387   0.914827   0.684522   0.799675        nan
  176   0.692154   0.764319   0.914827   0.684589   0.799708        nan
  177   0.690041   0.766303   0.914827   0.684656   0.799741        nan
  178   0.694340   0.768492   0.914827   0.684722   0.914827        nan
  179   0.712263   0.770639   0.914827   0.684789   0.914827        nan
  180   0.753961   0.771252   0.914827   0.684856   0.914827        nan
  181   0.810939   0.770283   0.914827   0.684923   0.914827        nan
  182   0.864740   0.768245   0.914827   0.684990   0.914827        nan
  183   0.890014   0.766247   0.914827   0.685057   0.914827        nan
  184   0.879686   0.764669   0.914827   0.685123   0.685123        nan
  185   0.831676   0.763513   0.914827   0.685190   0.685190        nan
  186   0.766900   0.763203   0.914827   0.685257   0.685257        nan
  187   0.715591   0.763187   0.914827   0.685324   0.685324        nan
  188   0.694686   0.763207   0.914827   0.685391   0.685391        nan
  189   0.691098   0.763285   0.914827   0.685457   0.685457        nan
  190   0.723404   0.763446   0.914827   0.685524   0.800176        nan
  191   0.771107   0.763995   0.914827   0.685591   0.800209        nan
  192   0.824209   0.764921   0.914827   0.685658   0.800242        nan
  193   0.869655   0.766882   0.914827   0.685725   0.800276        nan
  194   0.882295   0.769591   0.914827   0.685791   0.800309        nan
  195   0.862056   0.771774   0.914827   0.685858   0.800343        nan
  196   0.814167   0.773146   0.914827   0.685925   0.800376        nan
  197   0.757248   0.773998   0.914827   0.685992   0.800409        nan
  198   0.717409   0.775219   0.914827   0.686059   0.800443        nan
  199   0.689885   0.778086   0.914827   0.686125   0.800476        nan
  200   0.690675   0.783233   0.914827   0.686192   0.800510        nan
  201   0.692774   0.790181   0.914827   0.686259   0.800543        nan
  202   0.693586   0.797844   0.914827   0.686326   0.800576        nan
  203   0.695425   0.805657   0.914827   0.686393   0.800610        nan
  204   0.696658   0.812389   0.914827   0.686459   0.800643        nan
  205   0.705405   0.817469   0.914827   0.686526   0.800677        nan
  206   0.720260   0.820667   0.914827   0.686593   0.800710        nan
  207   0.767173   0.821736   0.914827   0.686660   0.800743        nan
  208   0.829833   0.821172   0.914827   0.686727   0.800777        nan
  209   0.872066   0.819598   0.914827   0.686794   0.800810        nan
  210   0.903148   0.817545   0.914827   0.686860   0.800844        nan
  211   0.913876   0.816234   0.914827   0.686927   0.800877        nan
  212   0.913865   0.816219   0.914827   0.686994   0.800910        nan
  213   0.911950   0.817510   0.914827   0.687061   0.800944        nan
  214   0.911025   0.820338   0.914827   0.687127   0.800977        nan
  215   0.910133   0.824930   0.914827   0.687194   0.801011        nan
  216   0.909240   0.831343   0.914827   0.687261   0.801044        nan
  217   0.909875   0.838820   0.914827   0.687328   0.801077        nan
  218   0.911881   0.846923   0.914827   0.687395   0.801111        nan
  219   0.913353   0.854947   0.914827   0.687461   0.801144        nan
  220   0.913758   0.862445   0.914827   0.687528   0.914827        nan
  221   0.899587   0.868199   0.914827   0.687595   0.914827        nan
  222   0.866498   0.871755   0.914827   0.687662   0.914827        nan
  223   0.817996   0.873832   0.914827   0.687729   0.914827        nan
  224   0.756675   0.874756   0.914827   0.687796   0.914827        nan
  225   0.720543   0.875258   0.914827   0.687862   0.914827        nan
  226   0.716970   0.875686   0.914827   0.687929   0.687929        nan
  227   0.726040   0.876117   0.914827   0.687996   0.687996        nan
  228   0.769869   0.876548   0.914827   0.688063   0.688063        nan
  229   0.821339   0.876943   0.914827   0.688130   0.688130        nan
  230   0.873144   0.877305   0.914827   0.688196   0.688196        nan
  231   0.904793   0.877595   0.914827   0.688263   0.688263        nan
  232   0.923553   0.877823   0.914827   0.688330   0.801579        nan
  233   0.930074   0.877920   0.914827   0.688397   0.801612        nan
  234   0.930190   0.877557   0.914827   0.688464   0.801645        nan
  235   0.928290   0.876619   0.914827   0.688530   0.801679        nan
  236   0.929398   0.875068   0.914827   0.688597   0.801712        nan
  237   0.930244   0.873333   0.914827   0.688664   0.801746        nan
  238   0.928999   0.872577   0.914827   0.688731   0.801779        nan
  239   0.927940   0.872383   0.914827   0.688798   0.801812        nan
  240   0.925846   0.873134   0.914827   0.688864   0.801846        nan
  241   0.924031   0.874946   0.914827   0.688931   0.801879        nan
  242   0.923089   0.877001   0.914827   0.688998   0.801913        nan
  243   0.921196   0.878898   0.914827   0.689065   0.801946        nan
  244   0.919369   0.879642   0.914827   0.689132   0.801979        nan
  245   0.917998   0.879027   0.914827   0.689198   0.802013        nan
  246   0.918267   0.876652   0.914827   0.689265   0.802046        nan
  247   0.916051   0.872001   0.914827   0.689332   0.802080        nan
  248   0.903602   0.865463   0.914827   0.689399   0.802113        nan
  249   0.873326   0.858060   0.914827   0.689466   0.802146        nan
  250   0.823072   0.850470   0.914827   0.689533   0.802180        nan
  251   0.769423   0.843534   0.914827   0.689599   0.802213        nan
  252   0.735513   0.838525   0.914827   0.689666   0.802247        nan
  253   0.715099   0.835467   0.914827   0.689733   0.802280        nan
  254   0.737992   0.833728   0.914827   0.689800   0.802313        nan
  255   0.776785   0.832660   0.914827   0.689867   0.802347        nan
  256   0.827402   0.830998   0.914827   0.689933   0.802380        nan
  257   0.874446   0.828243   0.914827   0.690000   0.802414        nan
  258   0.893982   0.823628   0.914827   0.690067   0.802447        nan
  259   0.887592   0.817529   0.914827   0.690134   0.802480        nan
  260   0.857037   0.810064   0.914827   0.690201   0.802514        nan
  261   0.799855   0.802367   0.914827   0.690267   0.802547        nan
  262   0.747120   0.795107   0.914827   0.690334   0.802581        nan
  263   0.721008   0.789009   0.914827   0.690401   0.802614        nan
  264   0.716886   0.784864   0.914827   0.690468   0.914827        nan
  265   0.736016   0.782563   0.914827   0.690535   0.914827        nan
  266   0.788771   0.781704   0.914827   0.690601   0.914827        nan
  267   0.842291   0.782238   0.914827   0.690668   0.914827        nan
  268   0.877174   0.783327   0.914827   0.690735   0.914827        nan
  269   0.894121   0.785032   0.914827   0.690802   0.914827        nan
  270   0.876562   0.786698   0.914827   0.690869   0.914827        nan
  271   0.844042   0.787769   0.914827   0.690935   0.690935        nan
  272   0.790144   0.788633   0.914827   0.691002   0.691002        nan
  273   0.747226   0.789731   0.914827   0.691069   0.691069        nan
  274   0.709255   0.791871   0.914827   0.691136   0.691136        nan
  275   0.700540   0.796053   0.914827   0.691203   0.691203        nan
  276   0.700328   0.802122   0.914827   0.691270   0.691270        nan
  277   0.702578   0.809118   0.914827   0.691336   0.803082        nan
  278   0.707017   0.816220   0.914827   0.691403   0.803115        nan
  279   0.704984   0.822715   0.914827   0.691470   0.803149        nan
  280   0.711447   0.827274   0.914827   0.691537   0.803182        nan
  281   0.730066   0.829909   0.914827   0.691604   0.803215        nan
  282   0.768479   0.830988   0.914827   0.691670   0.803249        nan
  283   0.824520   0.830614   0.914827   0.691737   0.803282        nan
  284   0.874058   0.829133   0.914827   0.691804   0.803316        nan
  285   0.904437   0.826933   0.914827   0.691871   0.803349        nan
  286   0.918158   0.825229   0.914827   0.691938   0.803382        nan
  287   0.918344   0.824580   0.914827   0.692004   0.803416        nan
  288   0.916972   0.825673   0.914827   0.692071   0.803449        nan
  289   0.916937   0.828571   0.914827   0.692138   0.803483        nan
  290   0.917048   0.833314   0.914827   0.692205   0.803516        nan
  291   0.916903   0.839525   0.914827   0.692272   0.803549        nan
  292   0.915751   0.846509   0.914827   0.692338   0.803583        nan
  293   0.917862   0.854071   0.914827   0.692405   0.803616        nan
  294   0.916424   0.861599   0.914827   0.692472   0.803650        nan
  295   0.916083   0.868442   0.914827   0.692539   0.803683        nan
  296   0.907385   0.873798   0.914827   0.692606   0.803716        nan
  297   0.883638   0.877223   0.914827   0.692672   0.803750        nan
  298   0.835095   0.878809   0.914827   0.692739   0.803783        nan
  299   0.782460   0.879208   0.914827   0.692806   0.803817        nan
  300   0.742410   0.879077   0.914827   0.692873   0.803850        nan
  301   0.729073   0.878888   0.914827   0.692940   0.803883        nan
  302   0.739835   0.878808   0.914827   0.693007   0.803917        nan
  303   0.781707   0.878457   0.914827   0.693073   0.803950        nan
  304   0.833118   0.877785   0.914827   0.693140   0.803984        nan
  305   0.876483   0.875421   0.914827   0.693207   0.804017        nan
  306   0.902586   0.871397   0.914827   0.693274   0.804050        nan
  307   0.916716   0.865551   0.914827   0.693340   0.804084        nan
  308   0.922217   0.858921   0.914827   0.693407   0.804117        nan
  309   0.921681   0.852056   0.914827   0.693474   0.804151        nan
  310   0.918433   0.846616   0.914827   0.693541   0.914827        nan
  311   0.920421   0.843494   0.914827   0.693608   0.914827        nan
  312   0.918474   0.843830   0.914827   0.693675   0.914827        nan
  313   0.915618   0.847380   0.914827   0.693741   0.914827        nan
  314   0.914481   0.853157   0.914827   0.693808   0.914827        nan
  315   0.913039   0.859884   0.914827   0.693875   0.914827        nan
  316   0.914744   0.866162   0.914827   0.693942   0.914827        nan
  317   0.907097   0.870860   0.914827   0.694009   0.694009        nan
  318   0.898250   0.873744   0.914827   0.694075   0.694075        nan
  319   0.850701   0.875114   0.914827   0.694142   0.694142        nan
  320   0.803083   0.875066   0.914827   0.694209   0.694209        nan
  321   0.754165   0.873428   0.914827   0.694276   0.694276        nan
  322   0.730788   0.870404   0.914827   0.694343   0.694343        nan
  323   0.723856   0.865673   0.914827   0.694409   0.694409        nan
  324   0.755070   0.859232   0.914827   0.694476   0.804652        nan
  325   0.796218   0.851944   0.914827   0.694543   0.804685        nan
  326   0.844518   0.844755   0.914827   0.694610   0.804718        nan
  327   0.881854   0.838792   0.914827   0.694677   0.804752        nan
  328   0.904178   0.834344   0.914827   0.694743   0.804785        nan
  329   0.917416   0.831597   0.914827   0.694810   0.804819        nan
  330   0.915627   0.830010   0.914827   0.694877   0.804852        nan
  331   0.913244   0.829087   0.914827   0.694944   0.804885        nan
  332   0.913885   0.828172   0.914827   0.695011   0.804919        nan
  333   0.914827   0.827500   0.914827   0.695077   0.804952        nan
  334   0.901255   0.826701   0.914827   0.695144   0.804986        nan
  335   0.870844   0.826195   0.914827   0.695211   0.805019        nan
  336   0.837537   0.825971   0.914827   0.695278   0.805052        nan
  337   0.789213   0.826445   0.914827   0.695345   0.805086        nan
  338   0.738095   0.827056   0.914827   0.695412   0.805119        nan
  339   0.716362   0.827683   0.914827   0.695478   0.805153        nan
  340   0.717171   0.828163   0.914827   0.695545   0.805186        nan
  341   0.748656   0.828094   0.914827   0.695612   0.805219        nan
  342   0.789933   0.827208   0.914827   0.695679   0.805253        nan
  343   0.836132   0.824801   0.914827   0.695746   0.805286        nan
  344   0.870317   0.821089   0.914827   0.695812   0.805320        nan
  345   0.881242   0.815625   0.914827   0.695879   0.805353        nan
  346   0.872639   0.808944   0.914827   0.695946   0.805387        nan
  347   0.831882   0.801886   0.914827   0.696013   0.805420        nan
  348   0.780704   0.795847   0.914827   0.696080   0.805453        nan
  349   0.740002   0.791860   0.914827   0.696146   0.805487        nan
  350   0.724509   0.790625   0.914827   0.696213   0.805520        nan
  351   0.737119   0.792847   0.914827   0.696280   0.805554        nan
  352   0.772180   0.798077   0.914827   0.696347   0.805587        nan
  353   0.813792   0.804685   0.914827   0.696414   0.805620        nan
  354   0.857943   0.811428   0.914827   0.696480   0.805654        nan
  355   0.879914   0.817033   0.914827   0.696547   0.805687        nan
  356   0.879384   0.821150   0.914827   0.696614   0.805721        nan
  357   0.850011   0.823569   0.914827   0.696681   0.805754        nan
  358   0.811696   0.824379   0.914827   0.696748   0.805787        nan
  359   0.760249   0.823728   0.914827   0.696814   0.914827        nan
  360   0.726828   0.821890   0.914827   0.696881   0.914827        nan
  361   0.717195   0.819874   0.914827   0.696948   0.914827        nan
  362   0.732155   0.818258   0.914827   0.697015   0.914827        nan
  363   0.759224   0.817178   0.914827   0.697082   0.914827        nan
  364   0.802939   0.816358   0.914827   0.697148   0.914827        nan
  365   0.851438   0.815044   0.914827   0.697215   0.914827        nan
  366   0.884533   0.812469   0.914827   0.697282   0.697282        nan
  367   0.901385   0.808393   0.914827   0.697349   0.697349        nan
  368   0.905981   0.802834   0.914827   0.697416   0.697416        nan
  369   0.905602   0.796647   0.914827   0.697483   0.697483        nan
  370   0.905212   0.791300   0.914827   0.697549   0.697549        nan
  371   0.903841   0.788233   0.914827   0.697616   0.697616        nan
  372   0.892998   0.788111   0.914827   0.697683   0.697683        nan
  373   0.863021   0.791286   0.914827   0.697750   0.697750        nan
  374   0.821187   0.796850   0.914827   0.697817   0.914827        nan
  375   0.775417   0.803349   0.914827   0.697883   0.914827        nan
  376   0.735458   0.809307   0.914827   0.697950   0.914827        nan
  377   0.709765   0.814331   0.914827   0.698017   0.914827        nan
  378   0.701548   0.817838   0.914827   0.698084   0.914827        nan
  379   0.700335   0.819679   0.914827   0.698151   0.914827        nan
  380   0.700070   0.819828   0.914827   0.698217   0.914827        nan
  381   0.699683   0.818429   0.914827   0.698284   0.698284        nan
  382   0.702285   0.815475   0.914827   0.698351   0.698351        nan
  383   0.706676   0.810788   0.914827   0.698418   0.698418        nan
  384   0.729675   0.804980   0.914827   0.698485   0.698485        nan
  385   0.764123   0.798670   0.914827   0.698551   0.698551        nan
  386   0.808297   0.792811   0.914827   0.698618   0.698618        nan
  387   0.849123   0.788802   0.914827   0.698685   0.698685        nan
  388   0.882620   0.787818   0.914827   0.698752   0.914827        nan
  389   0.899182   0.789918   0.914827   0.698819   0.914827        nan
  390   0.898969   0.794679   0.914827   0.698885   0.914827        nan
  391   0.899911   0.800965   0.914827   0.698952   0.914827        nan
  392   0.901140   0.807885   0.914827   0.699019   0.914827        nan
  393   0.902983   0.814993   0.914827   0.699086   0.914827        nan
  394   0.888705   0.822172   0.914827   0.699153   0.914827        nan
  395   0.862213   0.829345   0.914827   0.699219   0.914827        nan
  396   0.823255   0.836252   0.914827   0.699286   0.699286        nan
  397   0.774357   0.842374   0.914827   0.699353   0.699353        nan
  398   0.742603   0.846537   0.914827   0.699420   0.699420        nan
  399   0.727167   0.847915   0.914827   0.699487   0.699487        nan
  400   0.728937   0.846147   0.914827   0.699553   0.699553        nan
  401   0.750774   0.842005   0.914827   0.699620   0.699620        nan
  402   0.793616   0.836654   0.914827   0.699687   0.699687        nan
  403   0.834219   0.831288   0.914827   0.699754   0.914827        nan
  404   0.868783   0.827075   0.914827   0.699821   0.914827        nan
  405   0.885758   0.824545   0.914827   0.699888   0.914827        nan
  406   0.895325   0.823239   0.914827   0.699954   0.914827        nan
  407   0.899356   0.822642   0.914827   0.700021   0.914827        nan
  408   0.901079   0.822792   0.914827   0.700088   0.914827        nan
  409   0.900522   0.823886   0.914827   0.700155   0.914827        nan
  410   0.895682   0.826389   0.914827   0.700222   0.914827        nan
  411   0.878093   0.830602   0.914827   0.700288   0.807558        nan
  412   0.846248   0.835676   0.914827   0.700355   0.807591        nan
  413   0.802689   0.840544   0.914827   0.700422   0.807625        nan
  414   0.758798   0.844309   0.914827   0.700489   0.807658        nan
  415   0.733152   0.845608   0.914827   0.700556   0.807691        nan
  416   0.732798   0.843862   0.914827   0.700622   0.807725        nan
  417   0.748916   0.839666   0.914827   0.700689   0.807758        nan
  418   0.781011   0.833684   0.914827   0.700756   0.807792        nan
  419   0.829083   0.827010   0.914827   0.700823   0.807825        nan
  420   0.864561   0.819929   0.914827   0.700890   0.807858        nan
  421   0.886272   0.812693   0.914827   0.700956   0.807892        nan
  422   0.892920   0.805557   0.914827   0.701023   0.807925        nan
  423   0.892831   0.798711   0.914827   0.701090   0.807959        nan
  424   0.893340   0.792504   0.914827   0.701157   0.807992        nan
  425   0.892321   0.788002   0.914827   0.701224   0.808025        nan
  426   0.884679   0.786068   0.914827   0.701290   0.808059        nan
  427   0.863454   0.787206   0.914827   0.701357   0.808092        nan
  428   0.834379   0.791087   0.914827   0.701424   0.808126        nan
  429   0.787145   0.796564   0.914827   0.701491   0.808159        nan
  430   0.744727   0.802439   0.914827   0.701558   0.808192        nan
  431   0.716721   0.807907   0.914827   0.701624   0.808226        nan
  432   0.701302   0.812267   0.914827   0.701691   0.808259        nan
  433   0.698866   0.814797   0.914827   0.701758   0.808293        nan
  434   0.697067   0.816086   0.914827   0.701825   0.808326        nan
  435   0.696750   0.816606   0.914827   0.701892   0.808359        nan
  436   0.701257   0.816857   0.914827   0.701958   0.808393        nan
  437   0.708840   0.817116   0.914827   0.702025   0.808426        nan
  438   0.721890   0.817256   0.914827   0.702092   0.808460        nan
  439   0.752037   0.816974   0.914827   0.702159   0.808493        nan
  440   0.792110   0.816224   0.914827   0.702226   0.808526        nan
  441   0.834527   0.814829   0.914827   0.702293   0.808560        nan
  442   0.867469   0.812907   0.914827   0.702359   0.808593        nan
  443   0.886526   0.811123   0.914827   0.702426   0.808627        nan
  444   0.897292   0.809856   0.914827   0.702493   0.808660        nan
  445   0.902010   0.809122   0.914827   0.702560   0.808693        nan
  446   0.903090   0.808693   0.914827   0.702627   0.808727        nan
  447   0.899928   0.808328   0.914827   0.702693   0.808760        nan
  448   0.900649   0.808108   0.914827   0.702760   0.808794        nan
  449   0.900846   0.807934   0.914827   0.702827   0.702827        nan
  450   0.899943   0.807821   0.914827   0.702894   0.702894        nan
  451   0.900084   0.808055   0.914827   0.702961   0.702961        nan
  452   0.897244   0.808926   0.914827   0.703027   0.703027        nan
  453   0.884433   0.809964   0.914827   0.703094   0.703094        nan
  454   0.863678   0.810910   0.914827   0.703161   0.703161        nan
  455   0.824407   0.811129   0.914827   0.703228   0.703228        nan
  456   0.780562   0.810596   0.914827   0.703295   0.703295        nan
  457   0.737177   0.808943   0.914827   0.703361   0.914827        nan
  458   0.709247   0.805651   0.914827   0.703428   0.914827        nan
  459   0.696169   0.800930   0.914827   0.703495   0.914827        nan
  460   0.689303   0.795010   0.914827   0.703562   0.914827        nan
  461   0.688657   0.788784   0.914827   0.703629   0.914827        nan
  462   0.690896   0.782848   0.914827   0.703695   0.914827        nan
  463   0.691868   0.777814   0.914827   0.703762   0.914827        nan
  464   0.698092   0.774151   0.914827   0.703829   0.914827        nan
  465   0.715391   0.771951   0.914827   0.703896   0.809361        nan
  466   0.746285   0.770990   0.914827   0.703963   0.809395        nan
  467   0.781117   0.771147   0.914827   0.704030   0.809428        nan
  468   0.818588   0.772367   0.914827   0.704096   0.809462        nan
  469   0.840647   0.775065   0.914827   0.704163   0.809495        nan
  470   0.852564   0.779353   0.914827   0.704230   0.809528        nan
  471   0.840243   0.785134   0.914827   0.704297   0.809562        nan
  472   0.805121   0.791914   0.914827   0.704364   0.809595        nan
  473   0.769815   0.799185   0.914827   0.704430   0.809629        nan
  474   0.737331   0.806682   0.914827   0.704497   0.809662        nan
  475   0.725584   0.814109   0.914827   0.704564   0.809695        nan
  476   0.734454   0.821238   0.914827   0.704631   0.809729        nan
  477   0.759893   0.827947   0.914827   0.704698   0.809762        nan
  478   0.797374   0.833608   0.914827   0.704764   0.809796        nan
  479   0.838476   0.837311   0.914827   0.704831   0.809829        nan
  480   0.870350   0.838465   0.914827   0.704898   0.809862        nan
  481   0.888818   0.837004   0.914827   0.704965   0.809896        nan
  482   0.897834   0.833270   0.914827   0.705032   0.809929        nan
  483   0.899967   0.828258   0.914827   0.705098   0.809963        nan
  484   0.900620   0.822741   0.914827   0.705165   0.809996        nan
  485   0.899054   0.817594   0.914827   0.705232   0.810030        nan
  486   0.899084   0.813722   0.914827   0.705299   0.810063        nan
  487   0.899742   0.811132   0.914827   0.705366   0.810096        nan
  488   0.899226   0.809951   0.914827   0.705432   0.810130        nan
  489   0.896608   0.809816   0.914827   0.705499   0.810163        nan
  490   0.890517   0.810447   0.914827   0.705566   0.810197        nan
  491   0.879728   0.811387   0.914827   0.705633   0.810230        nan
  492   0.856583   0.812160   0.914827   0.705700   0.810263        nan
  493   0.819095   0.812182   0.914827   0.705766   0.810297        nan
  494   0.778580   0.811186   0.914827   0.705833   0.810330        nan
  495   0.740205   0.808932   0.914827   0.705900   0.810364        nan
  496   0.714051   0.805145   0.914827   0.705967   0.810397        nan
  497   0.700306   0.800142   0.914827   0.706034   0.810430        nan
  498   0.698089   0.794248   0.914827   0.706101   0.810464        nan
  499   0.696115   0.788017   0.914827   0.706167   0.810497        nan
  500   0.696711   0.782059   0.914827   0.706234   0.810531        nan
  501   0.697299   0.776912   0.914827   0.706301   0.810564        nan
  502   0.704250   0.772983   0.914827   0.706368   0.810597        nan
  503   0.721818   0.770508   0.914827   0.706435   0.810631        nan
  504   0.752108   0.769223   0.914827   0.706501   0.810664        nan
  505   0.786225   0.769101   0.914827   0.706568   0.810698        nan
  506   0.819017   0.770200   0.914827   0.706635   0.706635        nan
  507   0.839090   0.772831   0.914827   0.706702   0.706702        nan
  508   0.842466   0.776965   0.914827   0.706769   0.706769        nan
  509   0.825706   0.782410   0.914827   0.706835   0.706835        nan
  510   0.791778   0.788567   0.914827   0.706902   0.706902        nan
  511   0.759885   0.795211   0.914827   0.706969   0.706969        nan
  512   0.735609   0.801903   0.914827   0.707036   0.707036        nan
  513   0.724581   0.808601   0.914827   0.707103   0.707103        nan
  514   0.732260   0.815106   0.914827   0.707169   0.914827        nan
  515   0.755621   0.821063   0.914827   0.707236   0.914827        nan
  516   0.789214   0.825811   0.914827   0.707303   0.914827        nan
  517   0.827320   0.828744   0.914827   0.707370   0.914827        nan
  518   0.854530   0.829175   0.914827   0.707437   0.914827        nan
  519   0.876291   0.827157   0.914827   0.707503   0.914827        nan
  520   0.887364   0.823215   0.914827   0.707570   0.914827        nan
  521   0.892760   0.818142   0.914827   0.707637   0.914827        nan
  522   0.894332   0.812812   0.914827   0.707704   0.914827        nan
  523   0.892659   0.807981   0.914827   0.707771   0.811299        nan
  524   0.886454   0.804305   0.914827   0.707837   0.811332        nan
  525   0.886358   0.801808   0.914827   0.707904   0.811366        nan
  526   0.885464   0.800504   0.914827   0.707971   0.811399        nan
  527   0.883637   0.800158   0.914827   0.708038   0.811432        nan
  528   0.878874   0.800483   0.914827   0.708105   0.811466        nan
  529   0.864073   0.801082   0.914827   0.708171   0.811499        nan
  530   0.837214   0.801405   0.914827   0.708238   0.811533        nan
  531   0.803927   0.800972   0.914827   0.708305   0.811566        nan
  532   0.764180   0.799439   0.914827   0.708372   0.811599        nan
  533   0.729719   0.796563   0.914827   0.708439   0.811633        nan
  534   0.708655   0.792446   0.914827   0.708506   0.811666        nan
  535   0.697032   0.787038   0.914827   0.708572   0.811700        nan
  536   0.693241   0.780711   0.914827   0.708639   0.811733        nan
  537   0.690429   0.774219   0.914827   0.708706   0.811767        nan
  538   0.688855   0.768068   0.914827   0.708773   0.811800        nan
  539   0.689965   0.762577   0.914827   0.708840   0.811833        nan
  540   0.699085   0.758080   0.914827   0.708906   0.811867        nan
  541   0.714897   0.754464   0.914827   0.708973   0.811900        nan
  542   0.741360   0.751533   0.914827   0.709040   0.811934        nan
  543   0.772400   0.748953   0.914827   0.709107   0.811967        nan
  544   0.798263   0.746610   0.914827   0.709174   0.812000        nan
  545   0.815190   0.744441   0.914827   0.709240   0.812034        nan
  546   0.811600   0.742781   0.914827   0.709307   0.812067        nan
  547   0.795769   0.741567   0.914827   0.709374   0.812101        nan
  548   0.772086   0.740953   0.914827   0.709441   0.812134        nan
  549   0.741335   0.740536   0.914827   0.709508   0.812167        nan
  550   0.717176   0.740023   0.914827   0.709574   0.812201        nan
  551   0.710890   0.739544   0.914827   0.709641   0.812234        nan
  552   0.714239   0.739121   0.914827   0.709708   0.812268        nan
  553   0.732611   0.738676   0.914827   0.709775   0.812301        nan
  554   0.759541   0.737950   0.914827   0.709842   0.812334        nan
  555   0.782395   0.736721   0.914827   0.709908   0.812368        nan
  556   0.796803   0.734623   0.914827   0.709975   0.812401        nan
  557   0.791840   0.731491   0.914827   0.710042   0.812435        nan
  558   0.771596   0.727576   0.914827   0.710109   0.812468        nan
  559   0.743199   0.723456   0.914827   0.710176   0.812501        nan
  560   0.717704   0.720054   0.914827   0.710243   0.812535        nan
  561   0.695720   0.717992   0.914827   0.710309   0.812568        nan
  562   0.691468   0.717987   0.914827   0.710376   0.812602        nan
  563   0.685349   0.719684   0.914827   0.710443   0.812635        nan
  564   0.678883   0.722497   0.914827   0.710510   0.812668        nan
  565   0.677005   0.725269   0.914827   0.710577   0.812702        nan
  566   0.677004   0.726980   0.914827   0.710643   0.710643        nan
  567   0.677511   0.726972   0.914827   0.710710   0.710710        nan
  568   0.678773   0.725182   0.914827   0.710777   0.710777        nan
  569   0.680473   0.721946   0.914827   0.710844   0.710844        nan
  570   0.682603   0.717886   0.914827   0.710911   0.710911        nan
  571   0.684726   0.713838   0.914827   0.710977   0.710977        nan
  572   0.688623   0.710492   0.914827   0.711044   0.711044        nan
  573   0.699849   0.708304   0.914827   0.711111   0.711111        nan
  574   0.716345   0.707164   0.914827   0.711178   0.711178        nan
  575   0.738030   0.707295   0.914827   0.711245   0.914827        nan
  576   0.771941   0.708151   0.914827   0.711311   0.914827        nan
  577   0.788859   0.710308   0.914827   0.711378   0.914827        nan
  578   0.795920   0.713954   0.914827   0.711445   0.914827        nan
  579   0.788514   0.718484   0.914827   0.711512   0.914827        nan
  580   0.762136   0.723277   0.914827   0.711579   0.914827        nan
  581   0.732393   0.727732   0.914827   0.711645   0.914827        nan
  582   0.709424   0.731416   0.914827   0.711712   0.914827        nan
  583   0.691790   0.734188   0.914827   0.711779   0.914827        nan
  584   0.683137   0.735923   0.914827   0.711846   0.813336        nan
  585   0.678485   0.737124   0.914827   0.711913   0.813370        nan
  586   0.677919   0.738025   0.914827   0.711980   0.813403        nan
  587   0.681914   0.738887   0.914827   0.712046   0.813437        nan
  588   0.685778   0.740059   0.914827   0.712113   0.813470        nan
  589   0.699406   0.741273   0.914827   0.712180   0.813504        nan
  590   0.715425   0.741798   0.914827   0.712247   0.813537        nan
  591   0.745744   0.742008   0.914827   0.712314   0.813570        nan
  592   0.780986   0.741585   0.914827   0.712380   0.813604        nan
  593   0.803842   0.740685   0.914827   0.712447   0.813637        nan
  594   0.811198   0.739670   0.914827   0.712514   0.813671        nan
  595   0.802243   0.738760   0.914827   0.712581   0.813704        nan
  596   0.781933   0.738112   0.914827   0.712648   0.813737        nan
  597   0.758107   0.737552   0.914827   0.712714   0.813771        nan
  598   0.731180   0.737165   0.914827   0.712781   0.813804        nan
  599   0.718350   0.736884   0.914827   0.712848   0.813838        nan
  600   0.713841   0.736584   0.914827   0.712915   0.813871        nan
  601   0.723991   0.736125   0.914827   0.712982   0.813904        nan
  602   0.749161   0.735511   0.914827   0.713048   0.813938        nan
  603   0.772029   0.734411   0.914827   0.713115   0.813971        nan
  604   0.786639   0.732639   0.914827   0.713182   0.814005        nan
  605   0.794721   0.729864   0.914827   0.713249   0.814038        nan
  606   0.784095   0.725894   0.914827   0.713316   0.814071        nan
  607   0.763319   0.721025   0.914827   0.713382   0.814105        nan
  608   0.733694   0.715808   0.914827   0.713449   0.814138        nan
  609   0.706928   0.710920   0.914827   0.713516   0.814172        nan
  610   0.691272   0.706766   0.914827   0.713583   0.814205        nan
  611   0.676123   0.703428   0.914827   0.713650   0.814238        nan
  612   0.672279   0.701043   0.914827   0.713716   0.814272        nan
  613   0.670623   0.699095   0.914827   0.713783   0.814305        nan
  614   0.669525   0.697269   0.914827   0.713850   0.814339        nan
  615   0.669070   0.695082   0.914827   0.713917   0.814372        nan
  616   0.668566   0.691995   0.914827   0.713984   0.814405        nan
  617   0.668614   0.688106   0.914827   0.714050   0.814439        nan
  618   0.665827   0.683766   0.914827   0.714117   0.814472        nan
  619   0.668030   0.679169   0.914827   0.714184   0.814506        nan
  620   0.669842   0.674963   0.914827   0.714251   0.814539        nan
  621   0.667492   0.671548   0.914827   0.714318   0.814572        nan
  622   0.665135   0.669295   0.914827   0.714384   0.814606        nan
  623   0.665376   0.668081   0.914827   0.714451   0.814639        nan
  624   0.665617   0.667460   0.914827   0.714518   0.814673        nan
  625   0.664652   0.667370   0.914827   0.714585   0.814706        nan
  626   0.664393   0.667427   0.914827   0.714652   0.814739        nan
  627   0.663791   0.667518   0.914827   0.714719   0.814773        nan
  628   0.662733   0.667733   0.914827   0.714785   0.814806        nan
  629   0.662733   0.668014   0.914827   0.714852   0.814840        nan
  630   0.662733   0.668308   0.914827   0.714919   0.714919        nan
  631   0.663151   0.668565   0.914827   0.714986   0.714986        nan
  632   0.665098   0.669043   0.914827   0.715053   0.715053        nan
  633   0.666016   0.669685   0.914827   0.715119   0.715119        nan
  634   0.666336   0.670482   0.914827   0.715186   0.715186        nan
  635   0.667698   0.671861   0.914827   0.715253   0.715253        nan
  636   0.670592   0.674139   0.914827   0.715320   0.715320        nan
  637   0.672950   0.677239   0.914827   0.715387   0.715387        nan
  638   0.673886   0.681290   0.914827   0.715453   0.715453        nan
  639   0.673597   0.686171   0.914827   0.715520   0.914827        nan
  640   0.673872   0.691412   0.914827   0.715587   0.914827        nan
  641   0.673175   0.696510   0.914827   0.715654   0.914827        nan
  642   0.675529   0.701104   0.914827   0.715721   0.914827        nan
  643   0.676939   0.704854   0.914827   0.715787   0.914827        nan
  644   0.676825   0.707902   0.914827   0.715854   0.914827        nan
  645   0.675788   0.710591   0.914827   0.715921   0.914827        nan
  646   0.679229   0.713253   0.914827   0.715988   0.914827        nan
  647   0.685994   0.716275   0.914827   0.716055   0.914827        nan
  648   0.692165   0.720138   0.914827   0.716121   0.815474        nan
  649   0.706086   0.724960   0.914827   0.716188   0.815508        nan
  650   0.728923   0.730580   0.914827   0.716255   0.815541        nan
  651   0.752186   0.736959   0.914827   0.716322   0.815575        nan
  652   0.779048   0.743687   0.914827   0.716389   0.815608        nan
  653   0.801322   0.750535   0.914827   0.716455   0.815641        nan
  654   0.811135   0.757357   0.914827   0.716522   0.815675        nan
  655   0.806526   0.763875   0.914827   0.716589   0.815708        nan
  656   0.791383   0.769656   0.914827   0.716656   0.815741        nan
  657   0.767713   0.774383   0.914827   0.716723   0.815775        nan
  658   0.748075   0.778239   0.914827   0.716790   0.815808        nan
  659   0.738464   0.781240   0.914827   0.716856   0.815842        nan
  660   0.739630   0.783634   0.914827   0.716923   0.815875        nan
  661   0.750626   0.785330   0.914827   0.716990   0.815908        nan
  662   0.774488   0.787159   0.914827   0.717057   0.815942        nan
  663   0.802715   0.789152   0.914827   0.717124   0.815975        nan
  664   0.827959   0.791195   0.914827   0.717190   0.816009        nan
  665   0.851571   0.793389   0.914827   0.717257   0.816042        nan
  666   0.862273   0.795585   0.914827   0.717324   0.816076        nan
  667   0.865324   0.797770   0.914827   0.717391   0.816109        nan
  668   0.864901   0.799957   0.914827   0.717458   0.816142        nan
  669   0.855663   0.802453   0.914827   0.717524   0.816176        nan
  670   0.837422   0.805543   0.914827   0.717591   0.816209        nan
  671   0.809296   0.809522   0.914827   0.717658   0.816243        nan
  672   0.784775   0.814236   0.914827   0.717725   0.816276        nan
  673   0.759830   0.819249   0.914827   0.717792   0.816309        nan
  674   0.746244   0.824187   0.914827   0.717858   0.816343        nan
  675   0.733491   0.828542   0.914827   0.717925   0.816376        nan
  676   0.743369   0.831725   0.914827   0.717992   0.816410        nan
  677   0.761889   0.833441   0.914827   0.718059   0.816443        nan
  678   0.786139   0.833593   0.914827   0.718126   0.816476        nan
  679   0.813627   0.831899   0.914827   0.718193   0.816510        nan
  680   0.840517   0.828729   0.914827   0.718259   0.816543        nan
  681   0.862499   0.824362   0.914827   0.718326   0.816577        nan
  682   0.872387   0.819160   0.914827   0.718393   0.816610        nan
  683   0.876415   0.813742   0.914827   0.718460   0.816643        nan
  684   0.877894   0.808669   0.914827   0.718527   0.816677        nan
  685   0.879136   0.804397   0.914827   0.718593   0.816710        nan
  686   0.880057   0.801005   0.914827   0.718660   0.816744        nan
  687   0.878836   0.798625   0.914827   0.718727   0.816777        nan
  688   0.877889   0.796984   0.914827   0.718794   0.816810        nan
  689   0.872556   0.796143   0.914827   0.718861   0.816844        nan
  690   0.863620   0.795679   0.914827   0.718927   0.816877        nan
  691   0.850750   0.795268   0.914827   0.718994   0.816911        nan
  692   0.832237   0.794829   0.914827   0.719061   0.816944        nan
  693   0.804129   0.794031   0.914827   0.719128   0.816977        nan
  694   0.773515   0.792461   0.914827   0.719195   0.817011        nan
  695   0.743050   0.789901   0.914827   0.719261   0.817044        nan
  696   0.719234   0.786234   0.914827   0.719328   0.817078        nan
  697   0.703957   0.781559   0.914827   0.719395   0.719395        nan
  698   0.695376   0.776400   0.914827   0.719462   0.719462        nan
  699   0.689676   0.771062   0.914827   0.719529   0.719529        nan
  700   0.689801   0.765715   0.914827   0.719595   0.719595        nan
  701   0.693207   0.761003   0.914827   0.719662   0.719662        nan
  702   0.700302   0.756970   0.914827   0.719729   0.719729        nan
  703   0.709939   0.753793   0.914827   0.719796   0.719796        nan
  704   0.730361   0.751306   0.914827   0.719863   0.719863        nan
  705   0.750393   0.749277   0.914827   0.719929   0.719929        nan
  706   0.773835   0.747493   0.914827   0.719996   0.719996        nan
  707   0.791281   0.746043   0.914827   0.720063   0.914827        nan
  708   0.796562   0.744994   0.914827   0.720130   0.914827        nan
  709   0.790839   0.744512   0.914827   0.720197   0.914827        nan
  710   0.769713   0.744672   0.914827   0.720263   0.914827        nan
  711   0.745486   0.745678   0.914827   0.720330   0.914827        nan
  712   0.733452   0.747423   0.914827   0.720397   0.914827        nan
  713   0.729690   0.750144   0.914827   0.720464   0.914827        nan
  714   0.730319   0.753387   0.914827   0.720531   0.914827        nan
  715   0.746920   0.756944   0.914827   0.720598   0.914827        nan
  716   0.764958   0.760115   0.914827   0.720664   0.914827        nan
  717   0.783593   0.762475   0.914827   0.720731   0.817779        nan
  718   0.793983   0.763166   0.914827   0.720798   0.817813        nan
  719   0.793930   0.762303   0.914827   0.720865   0.817846        nan
  720   0.782307   0.760029   0.914827   0.720932   0.817879        nan
  721   0.763532   0.756816   0.914827   0.720998   0.817913        nan
  722   0.744128   0.753147   0.914827   0.721065   0.817946        nan
  723   0.729545   0.749662   0.914827   0.721132   0.817980        nan
  724   0.723725   0.746916   0.914827   0.721199   0.818013        nan
  725   0.732128   0.745177   0.914827   0.721266   0.818046        nan
  726   0.744234   0.744165   0.914827   0.721332   0.818080        nan
  727   0.765855   0.743891   0.914827   0.721399   0.818113        nan
  728   0.780624   0.744319   0.914827   0.721466   0.818147        nan
  729   0.792790   0.745124   0.914827   0.721533   0.818180        nan
  730   0.789099   0.746384   0.914827   0.721600   0.818213        nan
  731   0.776023   0.747913   0.914827   0.721666   0.818247        nan
  732   0.749711   0.749800   0.914827   0.721733   0.818280        nan
  733   0.726206   0.752368   0.914827   0.721800   0.818313        nan
  734   0.710185   0.755610   0.914827   0.721867   0.818347        nan
  735   0.701310   0.759541   0.914827   0.721934   0.818380        nan
  736   0.693837   0.764143   0.914827   0.722000   0.818414        nan
  737   0.693242   0.769260   0.914827   0.722067   0.818447        nan
  738   0.692838   0.774526   0.914827   0.722134   0.818481        nan
  739   0.696777   0.779287   0.914827   0.722201   0.818514        nan
  740   0.705119   0.783361   0.914827   0.722268   0.818547        nan
  741   0.722021   0.786254   0.914827   0.722334   0.818581        nan
  742   0.742305   0.787993   0.914827   0.722401   0.818614        nan
  743   0.769474   0.788354   0.914827   0.722468   0.818648        nan
  744   0.800232   0.787856   0.914827   0.722535   0.818681        nan
  745   0.826405   0.786974   0.914827   0.722602   0.818714        nan
  746   0.846819   0.786521   0.914827   0.722668   0.818748        nan
  747   0.865839   0.786619   0.914827   0.722735   0.818781        nan
  748   0.873066   0.787359   0.914827   0.722802   0.818815        nan
  749   0.873613   0.788758   0.914827   0.722869   0.818848        nan
  750   0.872988   0.790951   0.914827   0.722936   0.818881        nan
  751   0.872809   0.793817   0.914827   0.723003   0.818915        nan
  752   0.871178   0.797183   0.914827   0.723069   0.818948        nan
  753   0.865422   0.800464   0.914827   0.723136   0.818982        nan
  754   0.858326   0.803151   0.914827   0.723203   0.819015        nan
  755   0.846848   0.804601   0.914827   0.723270   0.819048        nan
  756   0.829320   0.804508   0.914827   0.723337   0.819082        nan
  757   0.802912   0.802582   0.914827   0.723403   0.819115        nan
  758   0.775128   0.799064   0.914827   0.723470   0.819149        nan
  759   0.751345   0.794204   0.914827   0.723537   0.819182        nan
  760   0.737020   0.788402   0.914827   0.723604   0.819215        nan
  761   0.728947   0.781856   0.914827   0.723671   0.819249        nan
  762   0.730921   0.775027   0.914827   0.723737   0.819282        nan
  763   0.740459   0.768148   0.914827   0.723804   0.819316        nan
  764   0.755251   0.761254   0.914827   0.723871   0.819349        nan
  765   0.773488   0.754319   0.914827   0.723938   0.819382        nan
  766   0.787093   0.747507   0.914827   0.724005   0.819416        nan
  767   0.788632   0.741025   0.914827   0.724071   0.819449        nan
  768   0.780358   0.735016   0.914827   0.724138   0.819483        nan
  769   0.762623   0.729668   0.914827   0.724205   0.819516        nan
  770   0.739698   0.725600   0.914827   0.724272   0.724272        nan
  771   0.715556   0.723238   0.914827   0.724339   0.724339        nan
  772   0.701718   0.722574   0.914827   0.724406   0.724406        nan
  773   0.690322   0.723487   0.914827   0.724472   0.724472        nan
  774   0.684369   0.725297   0.914827   0.724539   0.724539        nan
  775   0.682544   0.727549   0.914827   0.724606   0.724606        nan
  776   0.681849   0.729353   0.914827   0.724673   0.724673        nan
  777   0.681001   0.730312   0.914827   0.724740   0.724740        nan
  778   0.679958   0.730041   0.914827   0.724806   0.724806        nan
  779   0.678630   0.728743   0.914827   0.724873   0.724873        nan
  780   0.680463   0.726858   0.914827   0.724940   0.914827        nan
  781   0.683903   0.725118   0.914827   0.725007   0.914827        nan
  782   0.690093   0.724449   0.914827   0.725074   0.914827        nan
  783   0.697103   0.725312   0.914827   0.725140   0.914827        nan
  784   0.715423   0.727862   0.914827   0.725207   0.914827        nan
  785   0.736750   0.732062   0.914827   0.725274   0.914827        nan
  786   0.756561   0.737339   0.914827   0.725341   0.914827        nan
  787   0.776893   0.743131   0.914827   0.725408   0.914827        nan
  788   0.787700   0.749147   0.914827   0.725474   0.914827        nan
  789   0.792002   0.754929   0.914827   0.725541   0.914827        nan
  790   0.781450   0.760221   0.914827   0.725608   0.914827        nan
  791   0.767293   0.764937   0.914827   0.725675   0.725675        nan
  792   0.747656   0.768801   0.914827   0.725742   0.725742        nan
  793   0.737172   0.771804   0.914827   0.725808   0.725808        nan
  794   0.734293   0.774031   0.914827   0.725875   0.725875        nan
  795   0.739923   0.775772   0.914827   0.725942   0.725942        nan
  796   0.761623   0.777258   0.914827   0.726009   0.726009        nan
  797   0.786776   0.778690   0.914827   0.726076   0.726076        nan
  798   0.811111   0.779841   0.914827   0.726143   0.726143        nan
  799   0.833152   0.780767   0.914827   0.726209   0.726209        nan
  800   0.849460   0.781462   0.914827   0.726276   0.726276        nan
  801   0.852503   0.781700   0.914827   0.726343   0.726343        nan
  802   0.852832   0.781418   0.914827   0.726410   0.914827        nan
  803   0.844426   0.780660   0.914827   0.726476   0.914827        nan
  804   0.830026   0.779659   0.914827   0.726543   0.914827        nan
  805   0.813069   0.778322   0.914827   0.726610   0.914827        nan
  806   0.788130   0.776902   0.914827   0.726677   0.914827        nan
  807   0.762713   0.775282   0.914827   0.726744   0.914827        nan
  808   0.742833   0.773562   0.914827   0.726811   0.914827        nan
  809   0.732635   0.771470   0.914827   0.726877   0.914827        nan
  810   0.731711   0.768493   0.914827   0.726944   0.914827        nan
  811   0.737200   0.764600   0.914827   0.727011   0.914827        nan
  812   0.747657   0.759855   0.914827   0.727078   0.914827        nan
  813   0.762662   0.754297   0.914827   0.727145   0.727145        nan
  814   0.776021   0.748087   0.914827   0.727211   0.727211        nan
  815   0.783569   0.741908   0.914827   0.727278   0.727278        nan
  816   0.779812   0.735864   0.914827   0.727345   0.727345        nan
  817   0.770766   0.730440   0.914827   0.727412   0.727412        nan
  818   0.753433   0.726068   0.914827   0.727479   0.727479        nan
  819   0.729843   0.722999   0.914827   0.727545   0.727545        nan
  820   0.707897   0.721547   0.914827   0.727612   0.727612        nan
  821   0.691815   0.721675   0.914827   0.727679   0.727679        nan
  822   0.686145   0.722813   0.914827   0.727746   0.727746        nan
  823   0.681329   0.724346   0.914827   0.727813   0.727813        nan
  824   0.678268   0.725784   0.914827   0.727879   0.727879        nan
  825   0.677790   0.726555   0.914827   0.727946   0.727946        nan
  826   0.678242   0.726406   0.914827   0.728013   0.728013        nan
  827   0.677525   0.725419   0.914827   0.728080   0.728080        nan
  828   0.675568   0.723738   0.914827   0.728147   0.728147        nan
  829   0.679513   0.721998   0.914827   0.728213   0.728213        nan
  830   0.683595   0.720921   0.914827   0.728280   0.728280        nan
  831   0.692543   0.720968   0.914827   0.728347   0.728347        nan
  832   0.707615   0.722556   0.914827   0.728414   0.728414        nan
